T1,1614.28701417964,1620.89873532643,1627.51340122593,1634.13100251806,1640.75152990618,1647.37497415644,1654.00132609708,1660.63057661786,1667.26271666936,1673.89773726242,1680.5356294675,1687.17638441407
T2,731.661979069473,733.942502289967,736.223025510462,738.503548730956,740.784071951451,743.064595171945,745.345118392439,747.625641612934,749.906164833428,752.186688053923,754.467211274417,756.747734494911
T3,773.400605104834,768.283512944087,763.170584757364,758.06181715628,752.957206755206,747.856750171269,742.76044402435,737.668284937078,732.580269534833,727.496394445739,722.416656300663,717.341051733218
T4,931.640050675533,943.409070325762,955.17808997599,966.947109626218,978.716129276447,990.485148926675,1002.2541685769,1014.02318822713,1025.79220787736,1037.56122752759,1049.33024717782,1061.09926682805
T5,522.820440868404,522.820440868404,522.820440868404,522.820440868404,522.820440868404,522.820440868404,522.820440868404,522.820440868404,522.820440868404,522.820440868404,522.820440868404,522.820440868404
T6,872.839982605111,851.941578389794,831.043174174478,810.144769959162,789.246365743845,768.347961528529,747.449557313212,726.551153097896,705.65274888258,684.754344667263,663.855940451947,642.95753623663
T7,521.577292772851,521.254655269293,520.932017765735,520.609380262177,520.286742758619,519.964105255061,519.641467751503,519.318830247945,518.996192744387,518.67355524083,518.350917737272,518.028280233714
T8,487.929769755515,492.746122099575,488.557699739474,488.393595526292,488.248406336544,488.119951981772,488.006303566979,487.905754525976,487.816794995261,487.738089141617,487.668455102994,487.606847241438
T9,476.845449141515,477.235529941952,477.625610742389,478.015691542826,478.405772343263,478.795853143701,479.185933944138,479.576014744575,479.966095545012,480.356176345449,480.746257145886,481.136337946323
T10,12.4680904913434,12.2733916333518,12.1102069126566,11.8221542016238,11.4020269640516,11.0016851939602,10.7756473385716,10.7160099376651,10.646605396126,10.3859232630495,9.91942307797391,9.41139042875376
T11,506.380905285482,507.746710781097,509.082625986008,510.389230572406,511.66709660399,512.916788442249,514.138862666369,515.333868006014,516.502345286271,517.644827384072,518.761839195432,519.853897612873
T12,459.89712440745,462.603723252336,465.310322097222,468.016920942108,470.723519786994,473.43011863188,476.136717476765,478.843316321651,481.549915166537,484.256514011423,486.963112856309,489.669711701195
T13,1098.7027433544,1015.16494768019,887.87139262332,1065.99619943364,1189.99623484909,1071.98318622185,963.987465754258,934.667575907466,1007.40828128486,1081.93184901372,982.5393005436,976.921270363837
T14,1357.84829998883,1312.96276594501,1342.06565101037,1390.46903576809,1525.85134592842,1621.40319875492,1496.1638936656,1485.03293268972,1502.79517967648,1630.92543964055,1538.64742644223,1485.95254909511
T15,988.030102827638,1208.80335954901,1390.37385161804,1326.77215300001,1478.43480808293,1497.88480128219,1359.88283286,904.140528951831,1126.33992341254,1055.33687974721,1050.24272666926,1349.63087041674
T16,2155.15628594026,1774.99263364483,1667.93260093906,1764.93915204937,1928.84849361363,2141.88776117096,2127.55810912445,2208.17770148056,1931.00384103957,2043.0803184186,2166.198582315,2192.03572511453
T17,912.942035136373,762.378461176185,725.337715241187,877.875282355268,757.922010272297,766.5787387108,961.980940016413,852.045970230386,872.074154225746,927.670559569329,758.501095455654,794.660715936592
T18,686.916901018603,903.551523545247,795.796374550047,997.092306297425,946.621243695075,801.120605598925,696.330299781414,617.422207696903,936.059738667252,689.587812117808,825.888372511459,825.762630769758
T19,1242.4846452001,1453.3137044852,1561.65584813498,1305.33650480825,1516.28073594588,1489.19049072485,1261.52238393761,1504.96463728068,1745.94747099944,1562.1017227823,1575.33252177804,1579.58534399251
T20,1572.87964704984,1344.01725318152,1422.8066412883,1317.02699581109,1562.81285579507,1509.15525898613,1442.79675380684,1233.1276017988,1354.04000230011,1425.63704337484,1487.86992602811,1540.20240975659
T21,211.994705154172,208.353507041915,126.267381357736,209.927366156133,212.548534275818,198.711439066776,163.750064701277,131.325089183587,204.901941016384,202.027889067626,129.533654672928,205.152100808172
T22,148.215406495819,174.66692274913,163.005830477304,134.25926894508,162.202625964685,194.555665703024,141.421583750159,124.016444445913,173.349475344029,121.897790428054,151.833991008,149.108430120215
T23,235.910916072097,302.400297020033,298.515926828044,298.018083302472,273.38727898989,296.898314287374,257.595048812949,225.049250611004,236.081132312812,268.302678504214,234.518353019085,259.351095201956
T24,185.986940285565,183.893398048681,179.378811187373,178.007354681924,204.865833720654,195.018634669535,179.026801060184,216.418614030231,178.904654481144,155.887134164088,159.63446609706,162.500885983865
T25,1185.15901595754,1190.66583948583,1196.17266301411,1201.67948654239,1207.18631007068,1212.69313359896,1218.19995712724,1223.70678065553,1229.21360418381,1234.7204277121,1240.22725124038,1245.73407476866
T26,887.097545539275,889.905428621157,892.722172052499,895.547803706239,898.382351542793,901.225843610072,904.078308044133,906.939773069209,909.810266998039,912.689818232151,915.578455262203,918.476206667998
T27,892.373286499973,886.422313526919,880.480234957496,874.54708400088,868.622894165694,862.707699264315,856.801533417254,850.904431057628,845.01642693572,839.137556123632,833.267854020029,827.407356354982
T28,1841.12376581962,1861.96143903081,1883.02620494152,1904.32044320994,1925.84655743305,1947.60697537742,1969.60414921214,1991.84055574387,2014.3186966541,2037.04109873857,2060.01031414888,2083.22892063637
T29,726.496759609265,726.496759609265,726.496759609265,726.496759609265,726.496759609265,726.496759609265,726.496759609265,726.496759609265,726.496759609265,726.496759609265,726.496759609265,726.496759609265
T30,498.373940781522,492.993253972026,487.647833962392,482.337574068594,477.062367884172,471.822109279584,466.616692401567,461.446011672488,456.309961789705,451.208437724933,446.1413347236,441.108548304217
T31,329.248781709662,326.376967120545,323.706873133639,321.224330588613,318.916165588395,316.770129590382,314.774834408132,312.919691778654,311.19485717457,309.591177563002,308.10014283395,306.713840640418
T32,731.465217260959,731.465217260959,731.465217260959,731.465217260959,731.465217260959,731.465217260959,731.465217260959,731.465217260959,731.465217260959,731.465217260959,731.465217260959,731.465217260959
T33,709.231900797958,708.161352562206,707.090804326454,706.020256090702,704.94970785495,703.879159619198,702.808611383446,701.738063147694,700.667514911942,699.59696667619,698.526418440438,697.455870204686
T34,1113.59119165085,1089.99831675798,1066.40544186511,1042.81256697224,1019.21969207936,995.626817186492,972.03394229362,948.441067400748,924.848192507876,901.255317615004,877.662442722131,854.069567829259
T35,419.399123391785,421.898005575807,424.242749505812,426.442862873479,428.507266908669,430.444332554076,432.261914408527,433.967382576558,435.56765255342,437.069213266689,438.47815338819,439.800186022922
T36,500.577590237551,502.99615510802,505.414719978488,507.833284848956,510.251849719425,512.670414589893,515.088979460361,517.50754433083,519.926109201298,522.344674071766,524.763238942235,527.181803812703
T37,1917.83401800551,2134.81721820479,1752.97913992697,1702.25660781299,1861.83794726352,1995.21996451443,1849.72928619234,2226.23228519752,2258.48624904851,2274.25516032736,2277.96998621749,2212.93853515863
T38,357.621850009444,382.172501586345,350.843866669815,350.984456561023,412.066948715179,360.553660745299,409.898058449894,412.094969055512,363.15280569932,350.970278711101,346.234545484114,390.391097523624
T39,1339.73174252486,1970.58746779623,1726.64604802106,1658.30654922101,1866.55961929601,1529.11182234868,1558.49649332988,1383.3305210579,1857.48811522785,1342.32628334035,1397.5821690756,1861.97526240932
T40,996.75138736245,935.95925264205,1118.477145707,1189.38159157557,1115.01286200427,1027.93750532701,1262.5324679381,1119.84680524248,1181.47290812208,1169.00092804171,957.972732126166,1261.79486313938
T41,48.3740516387822,38.2150805633369,46.0513281914057,48.4975700242491,42.5482546142837,38.348839014173,40.79548572673,50.2759920686298,48.3420664697302,47.7648620197018,42.1756556449514,45.1844985957924
T42,853.154617409537,970.897255655031,1186.90789727198,899.681147290813,1181.80479957374,1249.65783246008,1028.00175113548,1290.40629138717,1029.63697693428,1050.45404627928,1294.02830386874,1112.43777312137
T43,498.567179616412,488.326297801818,426.212378967434,443.507453323679,415.195274337044,488.655220569279,536.304462876962,450.982721974238,410.269605772826,469.36168492029,501.669612912479,449.661912271471
T44,131.894616580983,128.877728635945,130.652685396554,117.803626015571,111.50438172034,109.400808784969,112.446003353813,112.247502954608,122.084900767651,133.05171758287,126.336754513334,133.537958358713
T45,1176.06722389657,1792.34406158153,1256.07794997056,1455.95903699634,1744.11162866635,1230.42878520348,1253.38616393996,1374.13521363601,1477.80026621084,1313.50652204134,1545.40059504271,1283.03124002812
T46,1582.21776115656,1217.5997118467,1260.21732146165,1496.99467699746,1301.51533660482,1261.22351525769,1483.94600867002,1462.83400110006,1446.82772465596,1534.4234320653,1231.47992615646,1333.12874143827
T47,570.945208740994,511.351797149472,498.273435227229,622.489621767429,578.208097362684,546.067593202034,528.189769404786,541.924304291113,580.31151918251,535.400699799167,579.159403380276,535.593555993246
T48,2087.24593202355,1864.21604410039,2402.1943491293,2496.03482473228,2349.10778034645,2573.76620801192,2628.72176002175,2377.4298902745,2558.25173219074,2275.27348562743,2060.1323599957,2589.88553773332
T49,0.895422207058963,0.902893038472312,0.91036386988566,0.917834701299009,0.925305532712358,0.932776364125707
T50,0.90354363291203,0.904776815382589,0.905896556646737,0.906913292230133,0.907836497688074,0.908674776913756
T51,3965816.56745279,4092303.31942454,4219966.01828941,4348790.15779939,4478761.71134796,4609867.10657576,4742093.20180528,4875427.26413941,5009856.94907634,5145370.28150897,5281955.63799088,5419601.73016263
T52,2561931.89833994,2561931.89833994,2561931.89833994,2561931.89833994,2561931.89833994,2561931.89833994,2561931.89833994,2561931.89833994,2561931.89833994,2561931.89833994,2561931.89833994,2561931.89833994
T53,10196.6742385474,10183.5706518386,10172.927940912,10164.283949127,10157.2633136426,10151.5611653957,10146.9298902494,10143.1683764212,10140.1132812622,10137.6319381496,10135.6165954771,10133.9797375727
T54,1492429758.53894,1503261367.03075,1513861673.10999,1524233520.51128,1534379843.87489,1544303652.62418
T55,1481150589.06103,1481150589.06103,1481150589.06103,1481150589.06103,1481150589.06103,1481150589.06103
T56,128.464048897584,129.824839142434,159.628814380319,200.775451135202,230.297020362102,237.455292851926
T57,8192.45564183988,8908.44630333338,8004.14363412049,9114.96968478568,8000.63414501399,6418.08195619257
T58,362.73453371839,315.608591950306,272.227219772979,232.482546736258,196.268542819559,163.48089901432
T59,34004.9023602141,38213.8402245066,36251.5797032328,29937.1696213801,34682.6782305854,34740.1934345214,36129.1160058078,38949.2748426721,42245.0005759829,38839.1291951354,34266.3966561532,36900.0662137606
T60,78835.5696779545,78810.8484112971,78786.1325457274,78761.4220805791,78736.7170151858,78712.0173488815
T61,3783.55985500247,3996.54322603324,3424.95517953463,3713.11300526358,3521.58538567246,3195.3015307393,3908.95046690866,3807.35403935472,3801.79258590964,3767.15185656606,4033.80915345789,3995.18896852885
T62,342.024236559807,304.316532315422,309.456958564306,328.468687198015,323.873104902191,291.400322489396,265.938666258461,285.323031149487,348.527760924786,411.134981425509,424.098601245441,378.554412542304
T63,495.151181095736,488.492186534116,482.01731472737,475.720831604947,469.597202224382,463.641083262332,457.847315804609,452.210918422907,446.727080526408,441.391155976988,436.198656957183,431.145248080556
T64,282.724771983609,282.724771983609,282.724771983609,282.724771983609,282.724771983609,282.724771983609,282.724771983609,282.724771983609,282.724771983609,282.724771983609,282.724771983609,282.724771983609
T65,11747.2056287744,11175.52635978,11397.0476453964,11500.5432831454,11990.3525514992,11833.39448192
T66,45629.7323338103,45629.7323338103,45629.7323338103,45629.7323338103,45629.7323338103,45629.7323338103,45629.7323338103,45629.7323338103,45629.7323338103,45629.7323338103,45629.7323338103,45629.7323338103
T67,30513.548582139,26321.8673858768,22130.1861896146,17938.5049933524,13746.8237970902,9555.142600828
T68,22181.2602918497,20010.2584402516,19051.0216678747,17219.0903869405,15458.076452684,14982.9583770968
T69,19970.8394773374,19970.8394773374,19970.8394773374,19970.8394773374,19970.8394773374,19970.8394773374
T70,116921377.074301,118910726.280815,113763153.194113,106475662.676328,103339208.766893,105914761.787711
T71,7135894.60801644,6754237.60624071,6381872.42836593,6018860.93564968,5665267.44601773,5321158.91838855
T72,21087579.5958353,21087579.5958353,21087579.5958353,21087579.5958353,21087579.5958353,21087579.5958353
