T1,5453.23007553743,6012.485045449,6612.97244634612,7256.60361247292,7945.32873725061,8681.13670066745
T2,4281.21519560966,4319.08099410023,4349.37364079887,4373.60776448275,4392.99506848981,4408.50491574343
T3,3485.20259101959,3471.8757693704,3458.55479210497,3445.23967658021,3431.93044026415,3418.62710073701
T4,5002.32119030191,5326.88060672128,5660.56265707085,6003.31051466559,6355.06953284798,6715.78709566124
T5,5539.1546376638,5569.76274628543,5588.36791071236,5599.67707547102,5606.5513607288,5610.72990077254
T6,4199.7069575781,4320.26763687444,4436.88848941018,4549.69826557885,4658.82150831389,4764.3786905851
T7,5319.23099860949,5464.45725697684,5605.72241464753,5743.13451212956,5876.79864308553,6006.81703470897
T8,8240.60750029273,10719.1502778318,13942.5592851613,18134.5029414138,23585.7578377341,30674.3269940634
T9,5531.48658562505,5784.11416957672,6041.85667761777,6304.69376997824,6572.60565773731,6845.57307575128
T10,10178.54564454,11004.5640943313,11867.0881927812,12766.4705534139,13703.05579124,14677.180946957
T11,5765.49883517706,6775.56193452279,7762.66473565292,8727.32916169727,9670.06527166482,10591.3715301335
T12,5809.77221374444,6802.28601525949,7953.58841357746,9287.39192226357,10830.7020754553,12614.2409027921
T13,6561.41124922831,7184.24098404521,7850.42565612181,8561.93488034823,9320.78221391782,10129.0251643257
T14,2782.30561710487,2782.30561710487,2782.30561710487,2782.30561710487,2782.30561710487,2782.30561710487
T15,5657.15393859302,5938.3316965925,6219.50945348588,6500.68720927315,6781.8649639543,7063.04271752935
T16,6070.95350802004,6210.33491795455,6345.39841123428,6476.27775321752,6603.10256532635,6725.99845342229
T17,6611.79137522964,7400.46766622365,8027.58512219554,8707.83427607831,9445.71576052439,10246.1113692159
T18,8106.26173238394,8378.09148707785,8649.92124177175,8921.75099646566,9193.58075115956,9465.41050585347
T19,5908.64552459349,6251.75699239504,6599.04513412137,6950.38491928269,7305.65990754766,7664.76135094219
T20,10281.9054357355,11539.2302004629,13360.4526216252,15469.1163229833,17910.5878058772,20737.3937103667
T21,9636.31632993646,10313.6216622163,10990.9269944961,11668.2323267759,12345.5376590558,13022.8429913356
T22,3996.13080824618,4306.83615297881,4641.63143029467,5002.37914466139,5391.0853927846,5809.91090270777
T23,3008.28716184699,2992.46208234638,2979.85849580796,2969.8116351165,2961.79712221642,2955.40018065826
T24,6547.11769335062,7192.57054993558,7888.37099361429,8637.44782206761,9442.8442020437,10307.7200254768
T25,5230.29853353848,5454.61084337428,5678.22570896521,5901.14529884351,6123.3717747989,6344.90729189953
T26,9533.56049198361,9873.57611007456,10213.4338533181,10553.1337950182,10892.6760084447,11232.0605668334
T27,3688.98457332373,4367.73735910843,5171.23267235017,6122.36944248599,7248.24528246679,8580.92545632551
T28,13368.5931087866,15854.3954093429,18801.769808332,22296.3025570188,26439.4273556891,31351.3556060843
T29,7972.16367690021,9117.07070967502,10425.3004927076,11919.9944859794,13627.5509219313,15578.0800256089
T30,5821.29069993605,6103.89417226247,6386.4976445889,6669.10111691533,6951.70458924176,7234.30806156818
T31,7781.66597698157,8713.3627558303,9756.14028195799,10923.1859506722,12229.2460961501,13690.8094942549
T32,6132.59007572425,7134.79700808323,8137.0039404422,9139.21087280117,10141.4178051601,11143.6247375191
T33,3255.94327270327,2606.2715438545,2606.2715438545,2606.2715438545,2606.2715438545,2606.2715438545
T34,8292.71998852112,8270.10592250894,8247.49185650867,8224.87779052035,8202.26372454401,8179.64965857967
T35,3485.20259101959,3471.8757693704,3458.55479210497,3445.23967658021,3431.93044026415,3418.62710073701
T36,3339.34470842572,3916.72102508359,4561.13465344035,5276.9081813251,6068.43920109876,6940.19837166556
T37,1704.51625094801,2056.15068023744,2473.39330205604,2967.11253168035,3549.73019888177,4235.40367814856
T38,8884.82642741526,10138.9836351181,11528.0445621241,13062.2444682694,14752.2886020228,16609.3604579323
T39,3419.8924843831,3758.13503204643,4117.47739286224,4498.51424772886,4901.83795843956,5328.03864667159
T40,3154.47863189368,4095.75257691549,5317.89424826313,6904.71599611462,8965.03116060431,11640.1288267397
T41,5846.75769003877,6574.37166586084,7366.04094945654,8225.21687964021,9155.42597336682,10160.2692912752
T42,4204.60840336454,4804.0249735771,5488.78934840071,6271.0386543262,7164.63386521222,8185.40433705946
T43,11013.8279612382,13897.1541044538,17535.2963873451,22125.8518860009,27918.1440183259,35226.763054627
T44,4898.04218717375,5122.82653310961,5347.84885419448,5573.0996044055,5798.56998282161,6024.25184933252
T45,5331.37053780289,5655.8772017872,5994.26435641917,6346.88295644575,6714.08689323389,7096.23297126856
T46,5745.12845383478,6342.99819279785,6940.86793176092,7538.73767072399,8136.60740968706,8734.47714865014
T47,4571.53125685568,4879.43015629689,5206.18118116104,5552.82449125629,5920.45141114323,6310.20664408985
T48,4464.39365462534,5252.33528185561,6179.34439533867,7269.96566300035,8553.07575541667,10062.6479211128
T49,5023.40867740185,5903.69673098452,6938.24399520291,8154.52709426286,9583.50356117321,11262.8898580307
T50,5963.31043335476,6342.81448397681,6722.31853459887,7101.82258522092,7481.32663584298,7860.83068646503
T51,5530.11851415579,5530.11851415579,5530.11851415579,5530.11851415579,5530.11851415579,5530.11851415579
T52,6561.20965532709,7299.22641122374,8120.25662897418,9033.63781309488,10049.7577675106,11180.172735132
T53,8623.48661071824,9492.56766423966,10411.3184614849,11380.5742741159,12401.1531810275,13473.8570200638
T54,5925.02044485115,5925.02044485115,5925.02044485115,5925.02044485115,5925.02044485115,5925.02044485115
T55,3364.10352611161,3415.72760163473,3457.11106678012,3490.28534002541,3516.87886962683,3538.1970703733
T56,5769.88477434955,5952.29995476566,6134.71513518177,6317.13031559788,6499.54549601399,6681.9606764301
T57,3728.24321995548,3969.64349527746,4214.45911217726,4462.58112608081,4713.90865180868,4968.34795627206
T58,4423.23621771847,4580.74027455498,4749.06711012459,4917.39394569421,5085.72078126382,5254.04761683344
T59,4874.22188175798,5071.95261855671,5269.68335535544,5467.41409215417,5665.1448289529,5862.87556575163
T60,6567.8155959329,6167.32190083811,6033.93078522664,6033.93078522664,6033.93078522664,6033.93078522664
T61,9459.77507627447,10001.7546333537,10543.7341904329,11085.7137475121,11627.6933045913,12169.6728616705
T62,6211.85188315467,6646.30047050027,7102.62109147085,7581.50162283318,8083.63903442639,8609.73934930796
T63,4611.22508660363,4871.62378548725,5132.02248437087,5392.42118325449,5652.81988213811,5913.21858102173
T64,2537.82273248959,2537.82273248959,2537.82273248959,2537.82273248959,2537.82273248959,2537.82273248959
T65,5272.80268714473,5766.9541131718,6289.04649582115,6839.6886901952,7419.48299485679,8029.02542284578
T66,6677.35974283897,7028.08454635959,7378.80934988021,7729.53415340083,8080.25895692145,8430.98376044207
T67,4183.28411606651,4235.90445862597,4283.58094992626,4326.77808077236,4365.91670155679,4401.37812241749
T68,6891.81879400368,7395.33095535604,7918.77220146451,8462.30417986085,9026.08505897654,9610.26970027806
T69,4815.40058780026,4815.40058780026,4815.40058780026,4815.40058780026,4815.40058780026,4815.40058780026
T70,3828.90333758885,3967.73871496248,4104.31575448527,4238.67119095743,4370.84116163987,4500.86121597403
T71,8019.23995904871,8856.18584258535,9780.38169222282,10800.912748195,11927.8092040663,13172.144378508
T72,7778.16907595048,8163.91438996145,8549.65970397242,8935.40501798339,9321.15033199436,9706.89564600534
T73,7420.12798491585,9091.68752680009,11139.8050043971,13649.309872752,16724.1394853243,20491.6479231303
T74,4193.60492136794,4193.60492136794,4193.60492136794,4193.60492136794,4193.60492136794,4193.60492136794
T75,6084.01766316987,6870.4440936156,7758.4488673498,8761.14248728923,9893.32633559071,11171.7105853997
T76,4953.73593965102,5653.68033146288,6424.11553987056,7269.47366068918,8194.30877834981,9203.29628534294
T77,4833.38986003474,5377.86426360409,5963.56425434135,6592.18552674047,7265.43849390994,7985.04796626082
T78,5521.7446415776,5803.74042438344,6085.73620718928,6367.73198999513,6649.72777280097,6931.72355560681
T79,8759.05864471416,9338.88700824515,9918.71537177615,10498.5437353071,11078.3720988381,11658.2004623691
T80,6034.65307221041,6161.56074452465,6253.25032950912,6319.4951817022,6367.3564567077,6401.93577222155
T81,9253.54671438096,10097.5425400923,11254.0048410599,12411.4641398628,13360.5982733413,14132.7055024738
T82,3278.34258597645,3477.20045214103,3687.95917672516,3911.32133039366,4148.03039152659,4398.87309503699
T83,3040.85789245275,2933.5011593676,2826.14442628246,2718.78769319731,2611.43096011217,2504.07422702702
T84,6470.73249090567,7692.99030216326,9145.89950238951,10872.9444363255,12925.7996224404,15365.8708725777
T85,6867.18444280377,7349.58270265162,7831.98096249947,8314.37922234732,8796.77748219517,9279.17574204302
T86,6699.87812052828,7326.35234895193,8011.23548944517,8759.95743883927,9578.45140624981,10473.2004303094
T87,2441.34762180392,2426.17346215034,2414.10049783052,2404.48437460551,2396.81839507646,2390.70277414468
T88,3964.29456075321,4378.34457381369,4827.99456638114,5315.66949128617,5843.91755292151,6415.41440789531
T89,5787.64770116116,6131.74564990679,6475.84359865242,6819.94154739805,7164.03949614368,7508.1374448893
T90,8929.73418318114,9424.49888879863,9928.62877536934,10441.9821638606,10964.4240336732,11495.8255107396
T91,4145.10088928417,4603.58993914026,5112.25711687882,5676.5355749007,6302.44043588718,6996.63045513082
T92,4097.81247697256,4323.31159098038,4548.8107049882,4774.30981899602,4999.80893300384,5225.30804701165
T93,4045.38960018763,4441.21952598338,4855.36202258703,5287.80359361153,5738.53133296089,6207.53287570388
T94,11935.5188734416,15392.2438220074,19850.0627020954,25598.8909352544,33012.6004362384,42573.3317842734
T95,2918.70778591579,2918.70778591579,2918.70778591579,2918.70778591579,2918.70778591579,2918.70778591579
T96,7582.87608925633,7932.22712075757,8281.57815225881,8630.92918376005,8980.28021526129,9329.63124676253
T97,4177.8530796428,4253.39934987081,4323.53237690516,4388.64004490989,4449.08244433659,4505.19386347377
T98,2537.20999137146,2677.19616835903,2824.47229633861,2979.39556257761,3142.33956212909,3313.69500160575
T99,4335.56966020093,4408.42372340504,4475.77370682415,4538.03544030972,4595.593338023,4648.80277187116
T100,2577.06412389924,2676.03538968526,2775.00665547127,2873.97792125729,2972.94918704331,3071.92045282932
T101,5825.07635729002,5825.07635729002,5825.07635729002,5825.07635729002,5825.07635729002,5825.07635729002
T102,1798.8578373614,1525.2964092329,1525.2964092329,1525.2964092329,1525.2964092329,1525.2964092329
T103,4379.7993256896,4507.6090676142,4618.81594399636,4715.5767164418,4799.76797681012,4873.02254209795
T104,4070.1896322725,4211.18867691829,4352.18772156409,4493.18676620989,4634.18581085568,4775.18485550148
T105,7685.44674181166,8135.50162930909,8585.55651680651,9035.61140430394,9485.66629180136,9935.72117929879
T106,4417.73870140114,4500.25271278077,4582.76672416041,4665.28073554004,4747.79474691968,4830.30875829932
T107,1452.87614295954,1452.87614295954,1452.87614295954,1452.87614295954,1452.87614295954,1452.87614295954
T108,5877.10328721937,6059.30526685599,6236.78621077395,6409.66844573555,6578.07112889425,6742.1103299223
T109,3819.27264188924,3819.27264188924,3819.27264188924,3819.27264188924,3819.27264188924,3819.27264188924
T110,5486.85526263187,5814.15655127612,6141.45783992037,6468.75912856463,6796.06041720888,7123.36170585314
T111,8331.85519561078,8331.85519561078,8331.85519561078,8331.85519561078,8331.85519561078,8331.85519561078
T112,7657.61858981333,8155.32464208253,8660.96533005918,9174.31193878621,9695.15172744946,10223.286211161
T113,26319.8397331378,26319.8397331378,26319.8397331378,26319.8397331378,26319.8397331378,26319.8397331378
T114,2856.50448128985,3277.84387503348,3761.28441233046,4315.97222207351,4952.39943308986,5682.6021091317
T115,2919.82423100014,3434.2338140123,4028.37296728876,4712.96895430092,5499.98053024836,6402.71582150533
T116,5347.68206256973,5438.12405087164,5521.1208392219,5597.28531775442,5667.1799233824,5731.32079311611
T117,7996.06662133483,8796.1747570338,9675.93914257625,10643.2498455498,11706.7744722373,12876.0343990977
T118,5532.48146985542,5532.48146985542,5532.48146985542,5532.48146985542,5532.48146985542,5532.48146985542
T119,6586.32131155904,6586.32131155904,6586.32131155904,6586.32131155904,6586.32131155904,6586.32131155904
T120,7899.71349042918,9283.43735301043,10880.1474314906,12718.2618680558,14829.4281614163,17248.8283957036
T121,2783.8913067102,2858.48668266234,2933.08205861449,3007.67743456663,3082.27281051877,3156.86818647091
T122,8599.94241309284,9408.04363807301,10265.0307030111,11172.3209419417,12131.3306852969,13143.4752887668
T123,4547.60160404857,4665.14160117455,4775.96069724199,4880.44319131625,4978.95140835977,5071.82695570454
T124,5915.96928036796,6581.61767185378,7322.16296273131,8146.03234262885,9062.60120492661,10082.2998359786
T125,3785.44421969137,3785.44421969137,3785.44421969137,3785.44421969137,3785.44421969137,3785.44421969137
T126,3920.17943262322,4074.26642895043,4226.46713771565,4376.80465029487,4525.30177538625,4671.98104247061
T127,4018.01334016831,4018.01334016831,4018.01334016831,4018.01334016831,4018.01334016831,4018.01334016831
T128,5213.44016077746,5566.99875558531,5944.53454701575,6347.67231459107,6778.15085354656,7237.8230501294
T129,4308.38415780557,4308.38415780557,4308.38415780557,4308.38415780557,4308.38415780557,4308.38415780557
T130,4465.68765050865,4465.68765050865,4465.68765050865,4465.68765050865,4465.68765050865,4465.68765050865
T131,4230.05609873126,4993.58869589741,5888.38890459303,6935.91414457372,8160.95040562964,9592.10122355453
T132,7831.8887758591,8215.97652706544,8600.06427827178,8984.15202947812,9368.23978068446,9752.3275318908
T133,8083.02835321131,8083.02835321131,8083.02835321131,8083.02835321131,8083.02835321131,8083.02835321131
T134,8325.32629471166,9755.27247177377,11427.1984398054,13381.4418046488,15664.9629702648,18332.4159183884
T135,6341.50828452727,6341.50828452727,6341.50828452727,6341.50828452727,6341.50828452727,6341.50828452727
T136,5528.75407748261,5528.75407748261,5528.75407748261,5528.75407748261,5528.75407748261,5528.75407748261
T137,3380.03738500014,3380.03738500014,3380.03738500014,3380.03738500014,3380.03738500014,3380.03738500014
T138,4620.99309223706,4042.88266101819,4196.22911233702,4962.93035488331,5812.4744226495,6168.78605754263
T139,3783.60665654391,3783.60665654391,3783.60665654391,3783.60665654391,3783.60665654391,3783.60665654391
T140,3301.54368114736,3649.88260250665,4017.61361873068,4404.93233007973,4812.0281240247,5239.0846121076
T141,8360.35699481967,9096.76510716136,9867.00710375028,10671.3170835232,11509.9222806499,12383.0434975036
T142,5253.4198603773,5253.4198603773,5253.4198603773,5253.4198603773,5253.4198603773,5253.4198603773
T143,8961.5520394946,10189.1771097715,11584.2431722366,13169.4888980706,14970.7274217165,17017.2602148436
T144,3062.26472022788,3142.12881672409,3221.99291322029,3301.85700971649,3381.7211062127,3461.5852027089
T145,3619.5152449302,3835.86236460893,4065.14107068137,4308.12431505651,4565.63125082919,4838.52999383551
T146,4482.7600719908,4482.7600719908,4482.7600719908,4482.7600719908,4482.7600719908,4482.7600719908
T147,2368.21705040504,2368.21705040504,2368.21705040504,2368.21705040504,2368.21705040504,2368.21705040504
T148,1947.18724372729,1854.82514270446,1765.88455493637,1680.27506615645,1597.90766965334,1518.69475998721
T149,2797.03282089481,2797.03282089481,2797.03282089481,2797.03282089481,2797.03282089481,2797.03282089481
T150,4341.69509087953,4321.40981429271,4301.21899836825,4281.12220471219,4261.11899695806,4241.20894075861
T151,2985.1425946505,2985.1425946505,2985.1425946505,2985.1425946505,2985.1425946505,2985.1425946505
T152,7124.12087786436,7124.12087786436,7124.12087786436,7124.12087786436,7124.12087786436,7124.12087786436
T153,5341.0228052313,5153.26025420369,4969.9522367264,4791.04521562956,4616.48565521973,4446.22002129796
T154,2311.35005006243,2311.35005006243,2311.35005006243,2311.35005006243,2311.35005006243,2311.35005006243
T155,3651.02901190009,3651.02901190009,3651.02901190009,3651.02901190009,3651.02901190009,3651.02901190009
T156,8757.90030810176,9396.53616544038,10073.065248696,10789.2338933096,11546.8463465115,12347.7659574934
T157,6939.31784826115,7426.22238893173,7940.07978743044,8481.99367474293,9053.0973955083,9654.55440234231
T158,7034.35280075395,7560.92289672712,8126.91032261698,8735.26592509375,9389.16105517252,10092.0047617349
T159,8922.23494685071,9844.12670761916,10859.3338041372,11977.1062015314,13207.5914638593,14561.919988438
T160,6767.43260231347,6873.03688212785,6976.01232970383,7076.36661360026,7174.10476828109,7269.24917443405
T161,9768.04345536269,10316.1048017866,10892.671839752,11499.1113496474,12136.850133382,12807.3774099766
T162,5033.10948441922,5199.5556135712,5371.50159321126,5549.12900319083,5732.62541331417,5922.18458077509
T163,4851.04871772949,4851.04871772949,4851.04871772949,4851.04871772949,4851.04871772949,4851.04871772949
T164,5331.54130397794,5331.54130397794,5331.54130397794,5331.54130397794,5331.54130397794,5331.54130397794
T165,5162.91947575547,5162.91947575547,5162.91947575547,5162.91947575547,5162.91947575547,5162.91947575547
T166,687.676421921462,536.835584063408,385.994746205354,235.1539083473,84.3130704892457,-66.5277673688082
T167,4757.20396840104,4757.20396840104,4757.20396840104,4757.20396840104,4757.20396840104,4757.20396840104
T168,9581.72921364637,10323.4454956383,11122.5760955466,11983.5651876786,12911.2009399996,13910.6421396636
T169,9138.81814853693,9912.20009042609,10746.8275539339,11647.221156711,12618.211106332,13664.9567691053
T170,6265.01219471798,6695.80557567648,7156.22106779569,7648.29553903764,8174.20591591619,8736.27881416179
T171,5618.62474659287,6079.69330161877,6578.59747011143,7118.44206481221,7702.58668401512,8334.66661300251
T172,7446.26259725516,8401.98621410352,9479.6835626337,10694.8331640511,12064.8665780965,13609.4134217636
T173,6396.45858315949,7264.49369635041,8188.2752131811,9167.86398021663,10203.3174938484,11294.6902531392
T174,5924.61662795589,6665.70348902961,7494.49379102144,8420.78244287628,9455.39377951758,10610.2830537066
T175,10326.5395296357,11780.3999176538,13359.3152948421,15067.8122252996,16910.3751398909,18891.4484863883
T176,6698.6458475352,7507.82423010978,8366.74101571684,9275.79573955208,10235.3718195274,11245.8379155021
T177,7989.31704241754,8735.18666329676,9548.8881961072,10436.4274087362,11404.3274362656,12459.6721164542
T178,6108.08398759336,6108.08398759336,6108.08398759336,6108.08398759336,6108.08398759336,6108.08398759336
T179,5677.72297380808,5624.22251348007,5574.03797431078,5526.96383782312,5482.80732343163,5441.38759895687
T180,2651.56141900563,2651.56141900563,2651.56141900563,2651.56141900563,2651.56141900563,2651.56141900563
T181,5688.16413711017,5885.39580432544,6086.0951088442,6290.26566519537,6497.91103379875,6709.03472261428
T182,6914.61407341785,7088.28759458754,7264.23705923106,7442.46558539872,7622.97625965855,7805.77213776713
T183,5661.68318435176,6043.04199742862,6439.58095102163,6851.50694884311,7279.02456300079,7722.33611556261
T184,11178.6821724382,11967.7522938267,12779.4561139502,13613.5653135985,14469.862091048,15348.1383255193
T185,13550.3769516628,14232.013640317,14925.6134707866,15631.018125725,16348.0759721152,17076.6415962817
T186,7821.8597423746,8306.91199607153,8799.33154544622,9298.91423624847,9805.46962482067,10318.8195583395
T187,10084.8628717376,10797.3295703602,11519.1262064263,12249.8923054024,12989.2981717437,13737.0409542965
T188,3234.08083427348,3462.92884889625,3703.95225766721,3957.59189899511,4224.29731691674,4504.52679417635
T189,7590.49089486571,8003.17867640169,8423.47373298061,8851.2608232329,9286.43007615739,9728.8765823344
T190,5535.28946121465,6243.00290909271,6985.51692689565,7762.15710485294,8572.30273613898,9415.37967484261
T191,8677.71474430033,8677.71474430033,8677.71474430033,8677.71474430033,8677.71474430033,8677.71474430033
T192,1342.8787392848,1342.8787392848,1342.8787392848,1342.8787392848,1342.8787392848,1342.8787392848
T193,914.904486857847,933.917163846195,949.40749902067,961.982031706585,972.159834866614,980.378502038873
T194,3401.73597211258,3354.15848802919,3313.73681060937,3279.37903908903,3250.16395513164,3225.31331235247
T195,9493.23428322926,9493.23428322926,9493.23428322926,9493.23428322926,9493.23428322926,9493.23428322926
T196,4029.3696674645,4029.3696674645,4029.3696674645,4029.3696674645,4029.3696674645,4029.3696674645
T197,4551.70725027662,4599.41878984001,4645.73526603222,4690.67962480589,4734.27588335801,4776.54898282622
T198,4412.06347412686,4442.59232391865,4473.12117371045,4503.65002350224,4534.17887329404,4564.70772308584
T199,3310.11416055516,3310.11416055516,3310.11416055516,3310.11416055516,3310.11416055516,3310.11416055516
T200,2646.92780828839,2646.92780828839,2646.92780828839,2646.92780828839,2646.92780828839,2646.92780828839
T201,993.926046831333,993.926046831333,993.926046831333,993.926046831333,993.926046831333,993.926046831333
T202,7062.78162981178,6894.44799112019,6730.00478338205,6569.36490807797,6412.44315352678,6259.15615537987
T203,7329.33252647672,7546.25219012497,7758.01791143137,7964.4940483303,8165.57506638035,8361.18325781019
T204,8580.35951048961,8392.83262334275,8207.1757135034,8023.392904208,7841.48837924636,7661.46638462581
T205,2423.0326996806,2423.0326996806,2423.0326996806,2423.0326996806,2423.0326996806,2423.0326996806
T206,6127.34962227278,6155.36111326398,6181.48665347755,6205.8505214192,6228.56917778677,6249.75170457427
T207,4424.25435111296,4424.25435111296,4424.25435111296,4424.25435111296,4424.25435111296,4424.25435111296
T208,5493.48184944846,5541.64809802847,5588.80398781619,5634.96794617619,5680.15822616643,5724.39289667759
T209,2195.80107670929,2195.80107670929,2195.80107670929,2195.80107670929,2195.80107670929,2195.80107670929
T210,7849.54085160069,8097.4609138659,8348.32877460646,8602.12359629722,8858.82506929354,9118.41338916395
T211,8918.56240123274,9064.59998150208,9206.06420293217,9343.02207015192,9475.54706684425,9603.71826719861
T212,5891.87384968054,5928.47441083244,5963.12994047299,5995.94380170541,6027.0138646982,6056.43279859136
T213,5027.0571174123,5057.03043075612,5085.79249652158,5113.38955780519,5139.86633584207,5165.26605656116
T214,3218.01598938233,3218.01598938233,3218.01598938233,3218.01598938233,3218.01598938233,3218.01598938233
T215,2908.71949933238,2723.99034370443,2548.45495811672,2381.7858877626,2223.66256559076,2073.77127097587
T216,4943.09971944961,5021.25639440762,5099.41306936562,5177.56974432362,5255.72641928163,5333.88309423963
T217,5936.43331090845,5936.43331090845,5936.43331090845,5936.43331090845,5936.43331090845,5936.43331090845
T218,6094.93229104362,6094.93229104362,6094.93229104362,6094.93229104362,6094.93229104362,6094.93229104362
T219,5694.30582583554,5694.30582583554,5694.30582583554,5694.30582583554,5694.30582583554,5694.30582583554
T220,1956.21513336521,1956.21513336521,1956.21513336521,1956.21513336521,1956.21513336521,1956.21513336521
T221,1633.71830206306,1555.89583345124,1481.7804388024,1411.1955577906,1343.97300035964,1279.95259004243
T222,6615.57026978302,6627.95586017248,6640.36462481899,6652.79660706201,6665.25185031468,6677.7303980737
T223,2337.09380003632,2304.89464339352,2272.83430827987,2240.91353580811,2209.13307833945,2177.49369976717
T224,6708.32545055139,6708.32545055139,6708.32545055139,6708.32545055139,6708.32545055139,6708.32545055139
T225,8472.91291255056,8406.92792453869,8444.11248809055,8481.29705164241,8518.48161519426,8555.66617874612
T226,7808.8911285206,7860.45108437831,7911.30913146046,7961.47482516564,8010.95759081052,8059.7667254007
T227,7195.27195886068,7337.27115487749,7479.27035089429,7621.26954691109,7763.26874292789,7905.26793894469
T228,7081.33869815515,7081.33869815515,7081.33869815515,7081.33869815515,7081.33869815515,7081.33869815515
T229,3610.11452282344,3610.11452282344,3610.11452282344,3610.11452282344,3610.11452282344,3610.11452282344
T230,2318.76326675109,2318.76326675109,2318.76326675109,2318.76326675109,2318.76326675109,2318.76326675109
T231,6588.45737237867,6588.45737237867,6588.45737237867,6588.45737237867,6588.45737237867,6588.45737237867
T232,5176.78206415169,5176.78206415169,5176.78206415169,5176.78206415169,5176.78206415169,5176.78206415169
T233,4843.08612261811,4843.08612261811,4843.08612261811,4843.08612261811,4843.08612261811,4843.08612261811
T234,6501.38649660221,6501.38649660221,6501.38649660221,6501.38649660221,6501.38649660221,6501.38649660221
T235,3487.93683370037,3487.93683370037,3487.93683370037,3487.93683370037,3487.93683370037,3487.93683370037
T236,4998.17038566565,5048.84215560433,5100.02763899402,5151.73204389073,5203.96063115002,5256.7187149623
T237,2651.49474234456,2651.49474234456,2651.49474234456,2651.49474234456,2651.49474234456,2651.49474234456
T238,3945.1515993919,3945.1515993919,3945.1515993919,3945.1515993919,3945.1515993919,3945.1515993919
T239,3758.4023412516,3758.4023412516,3758.4023412516,3758.4023412516,3758.4023412516,3758.4023412516
T240,7111.94630423522,7170.00317204306,7219.85737204576,7262.64865537963,7299.36365775382,7330.85500305525
T241,4224.49917857167,4224.49917857167,4224.49917857167,4224.49917857167,4224.49917857167,4224.49917857167
T242,4009.65457498022,4009.65457498022,4009.65457498022,4009.65457498022,4009.65457498022,4009.65457498022
T243,5877.57691250197,5877.57691250197,5877.57691250197,5877.57691250197,5877.57691250197,5877.57691250197
T244,6850.244203654,6850.244203654,6850.244203654,6850.244203654,6850.244203654,6850.244203654
T245,2353.96031317406,2486.86757931769,2604.41261188566,2708.37107166222,2800.31337771301,2881.62843047646
T246,4020.35299679625,4020.35299679625,4020.35299679625,4020.35299679625,4020.35299679625,4020.35299679625
T247,5682.23333484737,5682.23333484737,5682.23333484737,5682.23333484737,5682.23333484737,5682.23333484737
T248,5239.94382861275,5239.94382861275,5239.94382861275,5239.94382861275,5239.94382861275,5239.94382861275
T249,5226.61775014396,5383.29997550639,5544.6419750423,5710.78122576081,5881.85922803047,6058.02162237186
T250,5140.71327691966,5214.30522232862,5285.56495260191,5354.56637837485,5421.38106796796,5486.07832161767
T251,5324.65417243297,5483.08688490408,5641.51959737519,5799.9523098463,5958.38502231741,6116.81773478852
T252,5198.21039377862,5279.0137046607,5357.87804600645,5434.84994564774,5509.97481492691,5583.29697548829
T253,5220.13925861627,5326.26571306047,5432.39216750467,5538.51862194888,5644.64507639308,5750.77153083728
T254,5080.55524802831,5164.10186814846,5244.59761404191,5322.15389456677,5396.87805026082,5468.87350190448
T255,5286.07721255586,5426.4078562805,5566.73850000514,5707.06914372977,5847.39978745441,5987.73043117905
T256,5261.39338523476,5397.07682426267,5532.76026329057,5668.44370231848,5804.12714134639,5939.8105803743
T257,5166.86900801316,5227.98878987296,5286.82377534047,5343.45937529896,5397.97780777874,5450.45821731319
T258,5402.5130781594,5596.65800750261,5795.3220419616,5998.554540915,6206.40480754291,6418.92208955277
T259,5174.58163565157,5183.53817153941,5259.46008465491,5335.3819977704,5411.3039108859,5487.22582400139
T260,5185.09137683588,5203.76795747963,5222.44453812339,5241.12111876715,5259.7976994109,5278.47428005466
T261,5140.82717967684,5157.59329717629,5230.96380573136,5304.33431428643,5377.7048228415,5451.07533139657
T262,5132.80515970219,5190.86703839332,5290.50962613656,5390.1522138798,5489.79480162303,5589.43738936627
T263,5159.09917297859,5287.04917074252,5414.99916850644,5542.94916627036,5670.89916403429,5798.84916179821
T264,5164.91002200789,5243.09396654727,5318.71366992262,5391.85323293987,5462.5939981053,5531.01464009096
T265,5402.74462584916,5577.87593302773,5753.00724020631,5928.13854738488,6103.26985456345,6278.40116174202
T266,5250.23357855478,5347.4603497524,5443.06056987957,5537.06145025219,5629.48974695561,5720.37176846042
T267,5259.10805508799,5318.32616839608,5375.13910467259,5429.64455153761,5481.93622897345,5532.10405047257
T268,5091.61601435691,5193.08680100513,5291.83192307227,5387.92459618675,5481.43606929027,5572.43567746615
T269,5371.64371573472,5523.22737211911,5674.81102850351,5826.3946848879,5977.97834127229,6129.56199765669
T270,5269.31698593644,5406.74639455355,5543.23067802418,5678.77633613286,5813.38982396398,5947.07755220927
T271,5252.16418808824,5306.96165583394,5358.7132447647,5407.58825791834,5453.74658774209,5497.33923917362
T272,5469.50831622949,5650.2616717386,5836.91864147814,6029.66976547085,6228.71165995105,6434.24720878945
T273,5385.23150156081,5472.17037395466,5559.10924634851,5646.04811874236,5732.98699113621,5819.92586353006
T274,5196.65941664641,5217.04144932468,5278.83084099957,5340.62023267447,5402.40962434936,5464.19901602425
T275,5481.26525955733,5543.46208673798,5605.65891306341,5667.85573853362,5730.05256314861,5792.24938690837
T276,5315.39516835294,5445.01482448727,5575.4517727098,5706.69690022048,5838.74134948716,5971.57650693454
T277,5382.07154199982,5542.37211939365,5702.67269678748,5862.97327418131,6023.27385157514,6183.57442896897
T278,5171.27805283184,5258.19263285627,5342.73102005819,5424.95817813331,5504.93729470862,5582.72982989904
T279,5166.28373566925,5251.53335310321,5334.29655040723,5414.64584737962,5492.65164868092,5568.38230552473
T280,5259.04706504387,5433.17939206813,5559.6712467092,5686.16310135027,5812.65495599135,5939.14681063242
T281,5209.08762268115,5280.69718065414,5349.94928331006,5416.92154033857,5481.68900644395,5544.32426545763
T282,5147.15653735578,5291.18399587608,5431.97810337804,5569.61144712324,5704.15498482223,5835.67808121718
T283,5237.19596310921,5344.68527644312,5452.17458977702,5559.66390311092,5667.15321644482,5774.64252977872
T284,5346.64763030614,5488.94756830023,5629.94006744452,5769.63714036791,5908.05068932835,6045.19250722693
T285,5195.15395226816,5255.41846161698,5313.64566380276,5369.9044322059,5424.26131186738,5476.78059820086
T286,5276.65568983734,5447.07822101364,5617.50075218995,5787.92328336625,5958.34581454256,6128.76834571887
T287,5152.47839131712,5241.80005590535,5329.46535517792,5415.50500448335,5499.94914959013,5582.82737724887
T288,5238.30580136087,5318.22655385037,5398.14730633987,5478.06805882936,5557.98881131886,5637.90956380835
T289,5128.755464312,5169.98024582014,5209.22921203942,5246.59705955557,5282.17394635021,5316.04570932643
T290,5301.79757302556,5301.79757302556,5301.79757302556,5301.79757302556,5301.79757302556,5301.79757302556
T291,4945.20956955761,5076.98403943991,5212.26748825868,5351.1532915161,5493.73730778223,5640.11794466951
T292,5036.1169817375,4937.62859899223,4940.60152561313,4943.09238947372,4945.17935748981,4946.92792174059
T293,5456.02682367112,5606.16877856148,5749.94349612758,5893.71821369369,6037.49293125979,6181.2676488259
T294,5190.39055545859,5159.41774993141,5134.6370042607,5114.81040652298,5098.94752721027,5086.25594273276
T295,5165.60686841374,5069.22649353717,4992.12216106198,4930.43866902267,4881.09185454389,4841.61438628299
T296,5109.57645074156,5109.57645074156,5109.57645074156,5109.57645074156,5109.57645074156,5109.57645074156
T297,5241.55099772503,5233.47559603048,5276.29966107117,5319.12372611186,5361.94779115255,5404.77185619323
T298,5117.51287994365,5222.7589146196,5328.00494929554,5433.25098397149,5538.49701864744,5643.74305332339
T299,5123.56001501778,4777.55275500077,4777.55275500077,4777.55275500077,4777.55275500077,4777.55275500077
T300,5531.14827357603,5563.68742485587,5593.36591920684,5620.43524929985,5645.12479800199,5667.64378214459
T301,5036.34872206808,5036.34872206808,5036.34872206808,5036.34872206808,5036.34872206808,5036.34872206808
T302,5620.11862796572,5722.0607641179,5824.00290027009,5925.94503642228,6027.88717257446,6129.82930872665
T303,5143.43458009068,5143.43458009068,5143.43458009068,5143.43458009068,5143.43458009068,5143.43458009068
T304,4908.09840268084,4927.06428349653,5028.99428222505,5130.92428095357,5232.85427968209,5334.7842784106
T305,5001.1525354164,5222.7700165286,5454.20809490502,5695.90195338499,5948.30605918408,6211.89501844777
T306,5236.02997078348,5439.10578030744,5642.1815898314,5845.25739935537,6048.33320887933,6251.40901840329
T307,5430.69371086846,5602.92846091305,5960.2303944493,6340.26452478623,6744.47373489734,7174.3922774921
T308,5219.56385049351,5348.74021306651,5474.52879694513,5597.01844999794,5716.29568996968,5832.44476559115
T309,5243.59195276629,5454.43757538586,5669.79174348182,5889.66898593477,6114.08362376865,6343.04977664331
T310,5237.15138971762,5520.32645203971,5803.5015143618,6086.67657668389,6369.85163900598,6653.02670132808
T311,5343.73393555463,5546.08799966668,5748.44206377873,5950.79612789078,6153.15019200283,6355.50425611488
T312,5405.27861714326,5733.440383327,6071.10237113343,6418.25529471144,6774.89013958269,7140.9981474643
T313,4940.95224109298,5011.61336293632,5079.49742146924,5144.71355847198,5207.36662632731,5267.55735659889
T314,5113.34276315605,5250.43342730437,5413.10974679196,5575.78606627955,5738.46238576714,5901.13870525474
T315,5296.09454484579,5394.65380164044,5493.21305843508,5591.77231522973,5690.33157202437,5788.89082881902
T316,5078.12552891355,5222.73805228037,5367.35057564719,5511.96309901401,5656.57562238082,5801.18814574764
T317,5396.21271216021,5554.30238839314,5712.39206462607,5870.48174085901,6028.57141709194,6186.66109332488
T318,5721.64611366554,5984.45650501804,6247.26689637053,6510.07728772303,6772.88767907553,7035.69807042803
T319,4951.49240232629,5111.16297723878,5270.83355215126,5430.50412706374,5590.17470197622,5749.84527688871
T320,5135.47423462453,5289.82663344739,5442.46888890314,5593.41994848049,5742.69854973996,5890.32322263976
T321,5489.7222299027,5803.44457054814,6134.66154604515,6484.32461602444,6853.43567743184,7243.0496690455
T322,5372.04625818606,5478.65182704323,5614.43680357118,5750.22178009913,5886.00675662709,6021.79173315504
T323,4897.63483709679,5042.75294525587,5187.87105341495,5332.98916157403,5478.10726973311,5623.22537789219
T324,5115.52548157165,5260.45034611429,5405.37521065693,5550.30007519958,5695.22493974222,5840.14980428487
T325,5180.06011051604,5247.24303012667,5310.60328302901,5370.3583766021,5426.71344218926,5479.86193928679
T326,4872.19409509309,4916.43433506114,4958.10547592002,4997.3567092256,5034.32856274951,5069.15340359851
T327,5679.31670076637,5808.22818237782,5937.13966398928,6066.05114560073,6194.96262721218,6323.87410882363
T328,5005.50960611817,5083.46348582682,5161.41736553547,5239.37124524412,5317.32512495277,5395.27900466142
T329,5363.16101865149,5389.75657460508,5585.60906176846,5781.46154893185,5977.31403609523,6173.16652325861
T330,5410.31985890833,5164.15994274632,5332.5267896344,5500.89363652247,5669.26048341054,5837.62733029862
T331,5572.5476076636,5769.80350396568,5967.05940026775,6164.31529656983,6361.5711928719,6558.82708917398
T332,25235.0810333901,28985.5413703379,33290.4684804941,38231.401953767,43901.8090181903,50408.8200379355
T333,20755.1137801187,23580.2095841497,26789.8449428056,30436.3616538519,34579.2260419213,39285.9987161302
T334,42799.6525915416,48654.103702328,55296.2312696531,62830.2509949526,71373.9350647975,81060.3455229679
T335,18296.6881829412,22170.560961289,26748.6113526047,32138.7528720864,38462.5006432902,45856.3325036828
T336,5195.68552372773,5799.3389379245,6470.27701635347,7215.68445745089,8043.47978856653,8962.38693871848
T337,7791.02413113434,8562.11298933913,9409.20954014878,10339.7756599695,11362.0028003547,12484.8830303933
T338,3375.06353822804,3458.08877992948,3458.08877992948,3458.08877992948,3458.08877992948,3458.08877992948
T339,6455.08137039849,6455.08137039849,6455.08137039849,6455.08137039849,6455.08137039849,6455.08137039849
T340,4098.84538128469,4071.31556401948,4045.54563939386,4021.41414369418,3998.80899837092,3977.62667627257
T341,5822.99598811051,6094.4409996978,6372.99496777798,6658.70438951068,6951.61518672472,7251.77272351945
T342,7971.2985923397,6033.21563284904,6067.70403498907,8033.35385765521,8369.88263814377,8720.40705984734
T343,4397.22242628933,4435.76883278721,4472.59943737222,4507.77504294798,4541.35593469467,4573.40167891404
T344,4372.86216808642,4410.81578825241,4447.23823548128,4482.17719497443,4515.6802360013,4547.79464870069
T345,3063.79482872972,3063.79482872972,3063.79482872972,3063.79482872972,3063.79482872972,3063.79482872972
T346,2948.47712478468,2957.44485243672,2966.08127719222,2974.39791688408,2982.40594549671,2990.11619878448
T347,7648.16411962201,8105.59593846521,8563.02775730841,9020.45957615161,9477.89139499481,9935.323213838
T348,8977.79419230018,9436.29558959253,9894.79698688487,10353.2983841772,10811.7997814696,11270.3011787619
T349,6067.7100937843,6466.03999220765,6896.20812625926,7326.37626031087,7756.54439436249,8186.7125284141
T350,15417.5625371668,17667.4666257382,20137.7952903395,22840.4102618671,25787.3277843441,28990.7147892394
T351,12132.1836306429,14198.4094055353,16437.5746110806,18851.207704491,21440.7507932463,24207.5694788193
T352,7966.09366481881,8652.06290197507,9386.57930170228,10172.3545196764,11012.2123311646,11909.0916839068
T353,3442.78401358537,2903.67936632694,2903.67936632694,2903.67936632694,2903.67936632694,2903.67936632694
T354,2636.27726974364,2636.27726974364,2636.27726974364,2636.27726974364,2636.27726974364,2636.27726974364
T355,5478.53397560561,5706.34331959589,5943.60856197087,6190.72149590758,6448.09011896724,6716.1393020957
T356,8223.46380868777,8873.8917860721,9574.34795919232,10328.5717446514,11140.5739854289,12014.6560682199
T357,5418.15199963989,5853.51250104896,6323.3007495589,6830.19550578578,7377.08056438149,7967.06018818447
T358,6409.31909043426,5471.7141924561,6319.57630276717,8141.99207495203,9658.34228768485,10225.55274111
T359,8554.29283708319,9302.19215440356,10110.6922191524,10984.3199419947,11927.9120838876,12946.6345485595
T360,2017.41457783551,1460.52463956566,1460.52463956566,1460.52463956566,1460.52463956566,1460.52463956566
T361,2700.87387272146,2788.88435737317,2874.87619688695,2958.78964659627,3040.57769452342,3120.20503223357
T362,5140.5704301086,5203.06717168514,5266.3237205059,5330.34939828697,5395.15338710807,5460.74523364612
T363,4870.37707407213,4948.56348969547,5028.00442969355,5108.72001304262,5190.73068120539,5274.05720329757
T364,5022.88970210161,5108.07794362175,5194.71094982877,5282.81322285557,5372.40968060669,5463.52566332539
T365,5496.88686153337,5541.45996002034,5586.39451771463,5631.69344046617,5677.35968283589,5723.39622334264
T366,7058.88503549311,7349.80776273979,7652.72048090002,7968.11734513154,8296.51287701219,8638.44279058603
T367,8179.4538027543,8475.88581988693,8783.02903495566,9101.26933442672,9431.00646549409,9772.65453245906
T368,8281.15906043162,8671.1840874066,9079.52702790446,9507.04578573126,9954.63833079915,10423.2445650237
T369,4571.55229624416,4771.82736602464,4980.85344301609,5199.01190416047,5426.70070368088,5664.3350917568
T370,3054.60530304705,3054.60530304705,3054.60530304705,3054.60530304705,3054.60530304705,3054.60530304705
T371,2566.53860988032,2566.53860988032,2566.53860988032,2566.53860988032,2566.53860988032,2566.53860988032
T372,6540.46236679101,6540.46236679101,6540.46236679101,6540.46236679101,6540.46236679101,6540.46236679101
T373,4726.89778275204,4726.89778275204,4726.89778275204,4726.89778275204,4726.89778275204,4726.89778275204
T374,3360.90737017096,3360.90737017096,3360.90737017096,3360.90737017096,3360.90737017096,3360.90737017096
T375,3401.75651858109,3418.36081207328,3435.04615821573,3451.81294154724,3468.66156511364,3485.59243400961
T376,7900.57465492674,8281.5571953597,8676.76987631664,9086.59267567456,9511.41175313408,9951.61948758498
T377,5026.46685050883,4651.29773264286,4651.29773264286,4651.29773264286,4651.29773264286,4651.29773264286
T378,6698.28525327673,6654.41505268138,6614.68136004331,6578.68250909063,6546.05780404203,6516.48301618761
T379,8139.86520853109,8442.945995932,8746.02678333291,9049.10757073381,9352.18835813472,9655.26914553562
T380,5123.34569347704,5123.34569347704,5123.34569347704,5123.34569347704,5123.34569347704,5123.34569347704
T381,4672.49638042624,4672.49638042624,4672.49638042624,4672.49638042624,4672.49638042624,4672.49638042624
T382,5033.65776949179,5033.65776949179,5033.65776949179,5033.65776949179,5033.65776949179,5033.65776949179
T383,4783.28426599137,4818.37690344354,4849.06067015135,4875.88947550013,4899.34763835533,4919.85863008183
T384,6538.52379695718,6659.33604153031,6780.14828610343,6900.96053067656,7021.77277524968,7142.58501982281
T385,5171.45307225355,5171.45307225355,5171.45307225355,5171.45307225355,5171.45307225355,5171.45307225355
T386,3064.34312540851,3064.34312540851,3064.34312540851,3064.34312540851,3064.34312540851,3064.34312540851
T387,3440.21097135816,3462.74375432563,3482.11853485054,3498.77791158755,3513.10245234345,3525.41938779107
T388,6483.36986274089,6508.71053248852,6532.17905480519,6553.90753623171,6574.0196898019,6592.63122525181
T389,7500.11627628605,7500.11627628605,7500.11627628605,7500.11627628605,7500.11627628605,7500.11627628605
T390,1866.70156356305,1888.59531955807,1910.48907555308,1932.38283154809,1954.27658754311,1976.17034353812
T391,1848.95074880324,1870.57360030362,1892.196451804,1913.81930330439,1935.44215480477,1957.06500630515
T392,11153.5938096124,11392.3326041715,11636.1815443519,11885.2499603672,12139.6496250062,12399.4946259099
T393,6286.62023746728,6286.62023746728,6286.62023746728,6286.62023746728,6286.62023746728,6286.62023746728
T394,5447.90893658031,5447.90893658031,5447.90893658031,5447.90893658031,5447.90893658031,5447.90893658031
T395,5668.62361511878,5668.62361511878,5668.62361511878,5668.62361511878,5668.62361511878,5668.62361511878
T396,1722.12881076437,1722.12881076437,1722.12881076437,1722.12881076437,1722.12881076437,1722.12881076437
T397,5268.58272548036,5268.58272548036,5268.58272548036,5268.58272548036,5268.58272548036,5268.58272548036
T398,1262.4700511887,1262.4700511887,1262.4700511887,1262.4700511887,1262.4700511887,1262.4700511887
T399,8855.40986640383,10168.9896037988,10168.9896037988,10168.9896037988,10168.9896037988,10168.9896037988
T400,9149.73610076647,9201.07909420556,9246.31040301866,9286.15754008467,9321.26141777519,9352.18665656635
T401,6449.72316184787,6449.72316184787,6449.72316184787,6449.72316184787,6449.72316184787,6449.72316184787
T402,5832.8668512339,5944.6342348211,6035.54578334459,6109.24760718752,6168.83883353859,6216.91865109486
T403,6482.39666943469,6482.39666943469,6482.39666943469,6482.39666943469,6482.39666943469,6482.39666943469
T404,11022.3551512628,11022.3551512628,11022.3551512628,11022.3551512628,11022.3551512628,11022.3551512628
T405,10395.7318382349,10577.0632447345,10760.6971588979,10946.6519931399,11134.9462213529,11325.598378829
T406,8643.13102549897,8796.19313138179,8951.38482023308,9108.72769762681,9268.24350753252,9429.95413268808
T407,10395.7318382349,10577.0632447345,10760.6971588979,10946.6519931399,11134.9462213529,11325.598378829
T408,8643.13102549897,8796.19313138179,8951.38482023308,9108.72769762681,9268.24350753252,9429.95413268808
T409,6807.99994725338,7022.22846963244,7243.19690802219,7471.11726988335,7706.20823020419,7948.6953412269
T410,7127.03789035151,7127.03789035151,7127.03789035151,7127.03789035151,7127.03789035151,7127.03789035151
T411,704.771290006499,701.292822561882,698.285756273494,695.684686811231,693.433656076074,691.484698262455
T412,1037.66824208346,1049.37117374159,1061.07410539971,1072.77703705784,1084.47996871597,1096.18290037409
T413,8565.35427053264,8716.06643523655,8868.82205511331,9023.64065254425,9180.54185884636,9339.5454144506
T414,3685.27973116872,3685.27973116872,3685.27973116872,3685.27973116872,3685.27973116872,3685.27973116872
T415,1280.43056752412,1281.26634832861,1281.93535384261,1282.47080216669,1282.89931701991,1283.24222892047
T416,8548.75755739974,8710.357179544,8875.00123902,9042.7468966256,9213.65238272873,9387.77701721235
T417,5312.2134692723,5471.36374220696,5634.89311739762,5802.91143701047,5975.53103250553,6152.8667750525
T418,4931.01979380393,5075.78540012621,5224.71904523762,5377.93837515168,5535.56429002711,5697.72103234157
T419,10009.1440269274,10135.8644936427,10262.584960358,10389.3054270733,10516.0258937886,10642.746360504
T420,4048.13013010443,4048.13013010443,4048.13013010443,4048.13013010443,4048.13013010443,4048.13013010443
T421,10954.6189352336,10954.6189352336,10954.6189352336,10954.6189352336,10954.6189352336,10954.6189352336
T422,5327.32641753441,5327.32641753441,5327.32641753441,5327.32641753441,5327.32641753441,5327.32641753441
T423,6158.56188901585,6801.38545849105,6801.38545849105,6801.38545849105,6801.38545849105,6801.38545849105
T424,2034.76442561182,2034.76442561182,2034.76442561182,2034.76442561182,2034.76442561182,2034.76442561182
T425,941.766121780952,941.766121780952,941.766121780952,941.766121780952,941.766121780952,941.766121780952
T426,6167.08664007664,6167.08664007664,6167.08664007664,6167.08664007664,6167.08664007664,6167.08664007664
T427,5121.94812807388,5134.25790514418,5146.23610518046,5157.89165956539,5169.23325910525,5180.26936051018
T428,5342.96026184114,5381.0985425951,5419.23682334907,5457.37510410303,5495.51338485699,5533.65166561095
T429,5500.29663233508,5500.29663233508,5500.29663233508,5500.29663233508,5500.29663233508,5500.29663233508
T430,4812.58753333832,4812.56809121066,4812.55087868213,4812.53564006506,4812.52214899372,4812.51020506174
T431,4971.77078186195,5049.24096613206,5124.55429349916,5197.77081328087,5268.94890295436,5338.14531470233
T432,2450.30966269463,2480.88355438921,2511.45744608378,2542.03133777835,2572.60522947292,2603.17912116749
T433,2198.2952400858,2236.70009074484,2275.10494140388,2313.50979206291,2351.91464272195,2390.31949338099
T434,6192.4634664952,6463.19576639922,6685.54301439481,6907.8902623904,7130.23751038599,7352.58475838158
T435,3205.3737771811,3220.57250662998,3235.01738695483,3248.74580868251,3261.7933077891,3274.19365768461
T436,11361.6148603217,11493.1777758714,11624.7406914211,11756.3036069709,11887.8665225206,12019.4294380703
T437,8555.76372834758,8790.50927110091,9019.34835567975,9242.42959512167,9459.89786319542,9671.89438848509
T438,8490.04719172871,8623.11560418331,8756.18401663792,8889.25242909252,9022.32084154712,9155.38925400172
T439,5522.5351460256,5565.25155638023,5607.96796673486,5650.68437708948,5693.40078744411,5736.11719779873
T440,8886.51991883148,9004.80618503494,9117.07672034048,9223.63746912691,9324.77881624014,9420.77637831039
T441,8494.56388349092,8667.83655419949,8836.25144264847,8999.94473908866,9159.04881561201,9313.69233319548
T442,10949.059462847,11003.8251550417,11057.7294549895,11110.7859112566,11163.0078593081,11214.4084248597
T443,10362.4045831591,10362.4045831591,10362.4045831591,10362.4045831591,10362.4045831591,10362.4045831591
T444,10607.1899738914,10762.7563452661,10918.3227166408,11073.8890880155,11229.4554593902,11385.0218307649
T445,4939.7008529211,4924.2459024434,4911.74084659492,4901.62263741662,4893.43569621329,4886.81140083793
T446,7204.67713268573,7204.67713268573,7204.67713268573,7204.67713268573,7204.67713268573,7204.67713268573
T447,9144.70674977846,9144.70674977846,9144.70674977846,9144.70674977846,9144.70674977846,9144.70674977846
T448,9337.94062969623,9337.94062969623,9337.94062969623,9337.94062969623,9337.94062969623,9337.94062969623
T449,7172.73301043073,7267.64537089768,7362.55773136463,7457.47009183158,7552.38245229853,7647.29481276549
T450,7084.09956543544,7084.09956543544,7084.09956543544,7084.09956543544,7084.09956543544,7084.09956543544
T451,5880.47515968296,5941.47449306147,6002.47382643998,6063.47315981849,6124.47249319699,6185.4718265755
T452,5741.44658342965,5741.44658342965,5741.44658342965,5741.44658342965,5741.44658342965,5741.44658342965
T453,9019.66637250756,9019.66637250756,9019.66637250756,9019.66637250756,9019.66637250756,9019.66637250756
T454,9229.60127435767,9028.59344860966,8840.95522901673,8725.27426206109,8692.60674428664,8721.41300278668
T455,9737.33008010806,9737.33008010806,9737.33008010806,9737.33008010806,9737.33008010806,9737.33008010806
T456,7180.05148418795,6974.47080948457,6808.91674794783,6735.74411243075,6755.08731792931,6830.89252516762
T457,7083.72765990982,7083.72765990982,7083.72765990982,7083.72765990982,7083.72765990982,7083.72765990982
T458,6771.55860151855,6771.55860151855,6771.55860151855,6771.55860151855,6771.55860151855,6771.55860151855
T459,9143.95943804041,9218.07216398084,9292.18488992127,9366.29761586169,9440.41034180212,9514.52306774255
T460,7956.92208067074,7956.92208067074,7956.92208067074,7956.92208067074,7956.92208067074,7956.92208067074
T461,7896.5827575078,7999.99453393671,8103.40631036562,8206.81808679453,8310.22986322344,8413.64163965235
T462,7645.55658500173,7645.55658500173,7645.55658500173,7645.55658500173,7645.55658500173,7645.55658500173
T463,7328.80922862372,7417.11595470041,7505.42268077709,7593.72940685378,7682.03613293046,7770.34285900715
T464,7762.85047553799,7890.19818466104,8017.5458937841,8144.89360290715,8272.24131203021,8399.58902115327
T465,6451.37194459452,6451.37194459452,6451.37194459452,6451.37194459452,6451.37194459452,6451.37194459452
T466,6807.32046866713,6800.8838290193,6795.33845372537,6790.56093178331,6786.44494058397,6782.8988797268
T467,3695.14226995424,3758.46904086693,3821.79581177962,3885.12258269231,3948.449353605,4011.77612451769
T468,5118.19199999215,5083.34175976605,5052.74572182641,5025.8845716154,5002.30238780184,4981.59890380926
T469,6683.59682501242,6668.82871666649,6655.97853489301,6644.79719956262,6635.06797845317,6626.60228624382
T470,6263.15630539536,6366.45726172301,6469.92033861488,6573.54344085378,6677.32452980306,6781.26162110426
T471,5358.68055722815,5416.19079607084,5471.75855255518,5525.44943652366,5577.32684176188,5627.45202084872
T472,8388.82782336538,8523.69421220442,8659.09144900776,8795.01533018361,8931.46173409886,9068.42661855396
T473,8309.04889204416,8344.14992578208,8375.08964176244,8402.3613748998,8426.39997398672,8447.58873537388
T474,7710.62644830787,7746.40684746517,7778.18130169216,7806.39831338578,7831.45617097256,7853.70857082471
T475,4972.93311178143,4911.5786402656,4853.30190804701,4798.75555340748,4747.55692237049,4699.52657836119
T476,4116.34583962806,4116.34583962806,4116.34583962806,4116.34583962806,4116.34583962806,4116.34583962806
T477,3161.67857236616,3129.70232774825,3097.72608313034,3065.74983851243,3033.77359389452,3001.79734927661
T478,6875.28235811211,6875.28235811211,6875.28235811211,6875.28235811211,6875.28235811211,6875.28235811211
T479,5471.14614640602,5471.14614640602,5471.14614640602,5471.14614640602,5471.14614640602,5471.14614640602
T480,4781.37514611703,4819.39870466406,4851.93077371544,4879.76445255049,4903.57829839809,4923.95286898265
T481,4600.60526534821,4626.81317016716,4649.27245643032,4668.51930362909,4685.01319941691,4699.14790914103
T482,5674.77172360491,5978.53902894338,6286.84201030842,6599.58561569623,6916.67996481217,7238.03990603224
T483,4667.85623782403,4654.84044065643,4643.74330069391,4634.28198889242,4626.21536800566,4619.33784680183
T484,7406.86393486533,7806.12676126167,8211.39323038783,8622.53675864877,9039.43769159321,9461.98270681381
T485,4965.95892861127,5128.85539961583,5288.81202040219,5445.64223079087,5599.18394870021,5749.29849267582
T486,6176.66327252834,6415.21988096112,6653.926904181,6892.77912355443,7131.77167335587,7370.90000604395
T487,7345.35969440879,7712.23570290744,8080.70625619654,8450.71158455673,8822.19646025328,9195.10969085119
T488,6737.68776862909,6901.4674427448,7059.54020252073,7212.10490579106,7359.35348117471,7501.47116952424
T489,6647.44411423957,7171.52289151912,7720.25565761029,8294.06281027182,8893.36000444947,9518.55833293701
T490,8535.40880456231,8666.98143344724,8798.55406233216,8930.12669121708,9061.69932010201,9193.27194898693
T491,9987.99516368674,11055.0319177203,12185.6459651327,13380.8648457109,14641.6915658383,15969.1060928103
T492,10640.9138192577,11299.0380417068,11968.5173628283,12649.0818334765,13340.4781450014,14042.4680200272
T493,7829.44496526928,8194.1508241438,8563.02867335729,8935.98909451662,9312.94734117409,9693.82295949926
T494,5909.54927107863,6263.43972503799,6624.51730489184,6992.66386873674,7367.76725831852,7749.7208049374
T495,5617.17966567651,5941.97129471695,6275.73412372357,6618.45996449886,6970.14085741823,7330.76905920014
T496,6455.66193418832,6738.41638069163,7025.19043029526,7315.92882992237,7610.57854851858,7909.0886319348
T497,8064.2976071884,8489.79232295405,8924.20479157578,9367.45482447587,9819.46521977442,10280.161571311
T498,9040.97332433228,9090.3127228414,9134.65543975661,9174.50749719624,9210.32367159098,9242.51268341847
T499,6448.32992876013,6538.78924962095,6614.76997094586,6678.58948626076,6732.19427526523,6777.21927099006
T500,6954.43776790498,6835.65844270838,6737.80964194512,6657.20312397608,6590.80056524863,6536.09903593502
T501,6673.38697596461,6739.11053832649,6798.19091406164,6851.29958120581,6899.0401463382,6941.9552048723
T502,1075.00443968432,1075.00443968432,1075.00443968432,1075.00443968432,1075.00443968432,1075.00443968432
T503,3969.17919303277,3983.52589524811,3996.66174789487,4008.68894565554,4019.7010580676,4029.78375747845
T504,5120.60961669205,5120.60961669205,5120.60961669205,5120.60961669205,5120.60961669205,5120.60961669205
T505,6199.06641944984,6231.11175982892,6260.86585866678,6288.49253971245,6314.14391331844,6337.96121394845
T506,5742.27025281411,5786.55921847559,5828.48126601091,5868.16288971344,5905.7238236908,5941.27740314681
T507,6459.25782637725,6459.25782637725,6459.25782637725,6459.25782637725,6459.25782637725,6459.25782637725
T508,6222.79697299313,6289.55330159382,6353.78354766473,6415.58329904123,6475.04452648196,6532.2557205403
T509,9202.87003083836,9415.20503490493,9620.88393928701,9820.115393817,10013.1015077473,10200.0380547788
T510,4166.27149887666,4113.31111271197,4070.94279582418,4037.0481359491,4009.93240295717,3988.23981249013
T511,7118.88296409592,7163.72783298869,7205.92171187386,7245.62131317348,7282.97408530515,7318.11876032065
T512,5889.46087609955,6041.43936686349,6188.51409706918,6330.84329218322,6468.5800723458,6601.87261709989
T513,6491.51339979837,6763.41243610134,7037.94584847255,7315.05940018645,7594.7015181693,7876.82309048331
T514,8339.73516439053,8230.70418630217,8121.67320821381,8012.64223012545,7903.61125203709,7794.58027394874
T515,4575.53063817821,4674.16000491027,4768.4383066712,4858.55749203585,4944.70104170842,5027.04434208518
T516,6371.81707746829,6434.64106975016,6493.26474199684,6547.96892144896,6599.01565964948,6646.64948775934
T517,5135.15647099985,5135.15647099985,5135.15647099985,5135.15647099985,5135.15647099985,5135.15647099985
T518,7657.80092546242,7717.457911145,7773.94283556886,7827.42436251267,7878.06218762116,7926.00751525572
T519,7154.36067709129,7956.53055919407,7956.53055919407,7956.53055919407,7956.53055919407,7956.53055919407
T520,5115.09046632516,5140.10836736034,5163.50222747135,5185.37747152656,5205.83268072266,5224.96003684267
T521,3745.81691159888,3741.26193248286,3737.47418147139,3734.3244287811,3731.70521173649,3729.52716837837
T522,9332.76443769537,9644.30055433681,9764.59652077853,9884.89248722025,10005.188453662,10125.4844201037
T523,7301.68743486524,7248.17074043645,7199.71039426893,7155.82866398379,7116.09295416941,7080.11154176399
T524,3858.23723553767,3965.91305659726,4070.58459540751,4172.33567498221,4271.24777957433,4367.40011993017
T525,12763.0424140878,14363.9755001891,16165.6651869422,18193.2792100583,20475.1395550713,23043.1176653142
T526,6005.72736700035,5881.52729326153,5757.32721952271,5633.1271457839,5508.92707204508,5384.72699830626
T527,7374.94659651617,7374.94659651617,7374.94659651617,7374.94659651617,7374.94659651617,7374.94659651617
T528,8813.06156423404,9038.19652173676,9263.33147923949,9488.46643674221,9713.60139424493,9938.73635174766
T529,1034.48504451227,897.384106034144,779.045794046764,676.824853814013,588.459468473996,512.014212932903
T530,4407.03144049747,4427.5830530094,4444.02434468932,4457.17737936954,4467.69980818275,4476.11775208855
T531,6509.74930077264,6587.53429539526,6659.29099138769,6725.48657891367,6786.55204113021,6842.88496021271
T532,4425.38466762261,4649.21545085809,4883.97825732877,5130.188073104,5388.38325492745,5659.12655058053
T533,2795.0781078381,2670.73209312981,2550.07018755854,2433.03972204356,2319.58794690946,2209.66203044538
T534,6376.32035698619,6695.88475199131,7015.44914699643,7335.01354200156,7654.57793700668,7974.1423320118
T535,9602.20249594103,9727.51201997288,9843.31246430439,9950.32542290414,10049.2177317755,10140.6056242501
T536,4377.6325244046,4377.6325244046,4377.6325244046,4377.6325244046,4377.6325244046,4377.6325244046
T537,6393.71207904169,6331.14443928863,6268.63151169429,6206.17374484492,6143.77159514969,6081.42552705078
T538,7574.98765346284,7653.94391243564,7727.97446506611,7797.3866028,7862.4684466279,7923.49014303893
T539,3810.76467421946,3810.76467421946,3810.76467421946,3810.76467421946,3810.76467421946,3810.76467421946
T540,5117.60867747616,5127.15493195853,5136.7011864409,5146.24744092326,5155.79369540563,5165.339949888
T541,8210.06214461125,8385.55887463421,8549.22818360421,8701.86716836028,8844.2192062224,8976.97757536305
T542,2984.608798388,2984.608798388,2984.608798388,2984.608798388,2984.608798388,2984.608798388
T543,5902.74215598203,6042.47244820215,6176.8873142326,6306.18895615231,6430.57188414887,6550.2232091228
T544,5136.60895483996,5260.66443427774,5380.54527785768,5496.39196776262,5608.34025875861,5716.52133727891
T545,1507.01198399161,1507.01198399161,1507.01198399161,1507.01198399161,1507.01198399161,1507.01198399161
T546,7688.62496938638,7855.96317931988,8013.19905829166,8160.94249146126,8299.76654477199,8430.20968775417
T547,2418.51180654351,2418.51180654351,2418.51180654351,2418.51180654351,2418.51180654351,2418.51180654351
T548,4468.01226651247,4468.01226651247,4468.01226651247,4468.01226651247,4468.01226651247,4468.01226651247
T549,4763.65408409329,4763.65408409329,4763.65408409329,4763.65408409329,4763.65408409329,4763.65408409329
T550,5715.43258909258,5911.41789239902,5911.41789239902,5911.41789239902,5911.41789239902,5911.41789239902
T551,5181.39576599538,5459.34222594205,5746.48120657013,6042.93484134615,6348.82456011767,6664.27110607705
T552,7737.22813861356,7571.14352693611,7405.05891525865,7238.9743035812,7072.88969190374,6906.80508022629
T553,8657.59211403361,8806.96389739744,8951.37216431761,9090.98184885953,9225.95240444876,9356.43798598873
T554,6678.36017768192,6757.41636781655,6831.74235171679,6901.62115403867,6967.31886509078,7029.085654075
T555,6633.3275073586,7041.1199293601,7464.4262630941,7903.48878599742,8358.54835394622,8829.84443888074
T556,7505.40846758324,7565.46767258305,7613.81976385572,7652.69743039453,7683.9254973541,7708.98880446736
T557,9339.74269443854,10111.2385258729,10882.7343573073,11654.2301887417,12425.7260201761,13197.2218516105
T558,5148.61337160527,5148.61337160527,5148.61337160527,5148.61337160527,5148.61337160527,5148.61337160527
T559,7296.51472062599,7296.51472062599,7296.51472062599,7296.51472062599,7296.51472062599,7296.51472062599
T560,8715.38352193553,8778.76736481958,8831.26596856656,8874.748712275,8910.76393678509,8940.59407825936
T561,8848.65539506623,9576.76627215589,10102.8119949307,10657.6828141169,11242.9543748019,11860.2882400554
T562,5259.06560653583,5424.95253250657,5596.07103674071,5772.58607607202,5954.66780756431,6142.49175247242
T563,5353.40388914627,5747.55012238939,6169.69959623301,6621.77004574386,7105.805641424,7623.98500377779
T564,4705.93970847913,4708.2459656807,4710.10917853102,4711.61433343614,4712.83015782684,4713.81221557484
T565,2658.37053111087,2620.27048780366,2585.04090255868,2552.43764620962,2522.24071916289,2494.25147304472
T566,5640.18047402575,5640.18047402575,5640.18047402575,5640.18047402575,5640.18047402575,5640.18047402575
T567,5929.03027352162,6022.46819403687,6097.21856501782,6157.0188894576,6204.85917113345,6243.13141417336
T568,5306.66878330679,5437.85555135071,5543.98034181656,5629.83100586866,5699.28072148961,5755.46273304522
T569,4726.2442945155,4726.2442945155,4726.2442945155,4726.2442945155,4726.2442945155,4726.2442945155
T570,2602.72107873698,2602.72107873698,2602.72107873698,2602.72107873698,2602.72107873698,2602.72107873698
T571,3541.49380292953,3485.60084086446,3436.8803927401,3394.3401807529,3357.14061754151,3324.56811670028
T572,3432.1970489955,3432.1970489955,3432.1970489955,3432.1970489955,3432.1970489955,3432.1970489955
T573,5610.6473707818,5924.39659847539,6255.69078491978,6605.51104989685,6974.89337772411,7364.93168529727
T574,7377.46831324057,7622.70403325594,7867.93975327131,8113.17547328669,8358.41119330206,8603.64691331743
T575,6561.71396254964,6690.52299756705,6810.87232523605,6923.14398103777,7027.73184761737,7125.03528551547
T576,7444.42598674097,7444.42598674097,7444.42598674097,7444.42598674097,7444.42598674097,7444.42598674097
T577,5625.3185370996,4985.91482008946,4382.49753620225,3815.39766919528,3284.9742149722,2791.61901398656
T578,4249.80146110284,4192.49941039486,4139.49315129364,4090.42047671686,4044.95459600637,4002.80009931136
T579,5664.09400168477,5825.50008096869,5956.98781522029,6064.10289003856,6151.3630388169,6222.44858469117
T580,5328.61142799566,5328.61142799566,5328.61142799566,5328.61142799566,5328.61142799566,5328.61142799566
T581,8978.06507372608,9172.93241055026,9367.79974737444,9562.66708419861,9757.53442102279,9952.40175784697
T582,4663.60241245998,4663.60241245998,4663.60241245998,4663.60241245998,4663.60241245998,4663.60241245998
T583,4706.17354323583,4496.41467035348,4287.26442472976,4078.74873405152,3870.89592408802,3663.73707226785
T584,5253.53679235912,5253.53679235912,5253.53679235912,5253.53679235912,5253.53679235912,5253.53679235912
T585,3124.31067080547,2756.70246683898,2406.64696791147,2074.74898352519,1761.69349339071,1468.26582757275
T586,3060.14950300909,2973.38885171837,2891.19374666414,2813.26833060366,2739.33938062971,2669.15433581564
T587,2313.65910247183,2313.65910247183,2313.65910247183,2313.65910247183,2313.65910247183,2313.65910247183
T588,6840.51472407566,7059.6955170635,7278.87631005134,7498.05710303918,7717.23789602702,7936.41868901486
T589,8317.09322359695,8493.96079821305,8670.82837282914,8847.69594744523,9024.56352206133,9201.43109667742
T590,9280.17037940068,9557.72560576771,9841.37381002975,10131.2010116853,10427.2937809432,10729.7392380636
T591,6609.96311394953,6904.94254776744,7199.92198158535,7494.90141540326,7789.88084922118,8084.86028303909
T592,5864.79905476454,6006.16158125929,6147.52410775404,6288.88663424878,6430.24916074353,6571.61168723828
T593,7285.82163715043,7285.82163715043,7285.82163715043,7285.82163715043,7285.82163715043,7285.82163715043
T594,7322.33187086272,7322.33187086272,7322.33187086272,7322.33187086272,7322.33187086272,7322.33187086272
T595,5439.36603265701,5730.57439450844,6037.37323297491,6360.59710143909,6701.12558354384,7059.88487302181
T596,4708.32389622287,4924.60321738972,5145.56661919889,5371.20695956296,5601.51726554595,5836.49072577085
T597,5696.52074757272,5684.82029496409,5677.79227416308,5673.57080700864,5671.03513082888,5669.51204573704
T598,5233.39748624978,5256.63659214364,5271.89349595131,5281.90993612158,5288.48591477028,5292.8031666535
T599,7371.7598877879,7619.28927022356,7866.81865265922,8114.34803509488,8361.87741753054,8609.40679996621
T600,4530.7057646398,4599.41782326809,4662.71774470109,4721.0318184374,4774.75275708538,4824.24234106249
T601,3095.12115120035,3192.98474737263,3278.62321087405,3353.56370680649,3419.14262661636,3476.52941956349
T602,6093.96572186413,6271.21572600037,6448.46573013662,6625.71573427287,6802.96573840912,6980.21574254537
T603,8527.07366947697,8749.51978644313,8964.53101319482,9172.35584852921,9373.23448558591,9567.39908944968
T604,3728.92840709297,3676.87819922126,3627.919690461,3581.8398952342,3538.44320671743,3497.5496859118
T605,6184.71734105522,6888.98240024423,7644.39999167972,8452.72495684598,9315.70967328748,10235.1041402446
T606,6062.98916351415,6592.49076253992,7159.88810714307,7767.31287360981,8416.98490826104,9111.21459775675
T607,5017.8137928701,4919.08348622293,4825.32715455339,4736.2391136707,4651.5362038555,4570.95586047341
T608,3166.19488633363,3108.14703207398,3053.33476385198,3001.54195621778,2952.56974423714,2906.23492002611
T609,3700.56813443969,3559.82726527111,3419.08639610253,3278.34552693395,3137.60465776538,2996.8637885968
T610,4573.98415350893,4639.30210254129,4701.19053542752,4759.82951876756,4815.38966477213,4868.03262766507
T611,5542.74750681629,5840.21840295899,6153.16720100526,6482.37398513863,6828.65688667644,7192.87387804418
T612,4094.60960370419,3699.68185252526,3587.94355655854,3740.50363789686,3929.91300054956,3987.10601116853
T613,5516.14012395028,5573.9145704603,5627.64728362801,5677.62101143972,5724.09872164958,5767.3249855475
T614,7811.21606170303,7774.3076961016,7742.36251763694,7714.71311050364,7690.78180845538,7670.06862589187
T615,5087.92172373204,5107.42765370579,5124.73680681053,5140.09658620104,5153.72653224735,5165.8214604688
T616,6025.25211720328,6217.87965862263,6414.92464078901,6616.44913522862,6822.51554386026,7033.18659791914
T617,7031.19326743494,8057.26392796416,9222.43180628031,10544.136707002,12041.8305173087,13737.1895656784
T618,4702.90297529222,4702.90297529222,4702.90297529222,4702.90297529222,4702.90297529222,4702.90297529222
T619,4835.88221001163,4961.14364517841,5086.40508034518,5211.66651551196,5336.92795067873,5462.1893858455
T620,6026.05374924989,6219.90644145584,6418.28945902089,6621.26948404084,6828.91361288919,7041.2893553253
T621,8697.99668771364,8946.23240240171,9195.36122305562,9445.36513787264,9696.22690663876,9947.93001097112
T622,5681.66277125921,5834.5888551791,5987.51493909898,6140.44102301887,6293.36710693875,6446.29319085863
T623,6555.87453762391,6839.67053013357,7121.7401449244,7402.09388383613,7680.74218482407,7957.69542234773
T624,4612.87061790577,4859.32346133521,5105.77630476466,5352.2291481941,5598.68199162355,5845.134835053
T625,4661.16955171733,4850.2307745104,5039.29199730348,5228.35322009655,5417.41444288963,5606.4756656827
T626,2443.55605713238,2401.43383083528,2360.82955081444,2321.67634976486,2283.91084993533,2247.47295493047
T627,7955.84329647808,7955.84329647808,7955.84329647808,7955.84329647808,7955.84329647808,7955.84329647808
T628,5211.67072587455,5271.8736578031,5332.77019264318,5394.36830031129,5456.67604206016,5519.70157152411
T629,6053.22504783008,6232.45369433491,6411.68234083974,6590.91098734457,6770.1396338494,6949.36828035423
T630,3794.51187039818,3794.51187039818,3794.51187039818,3794.51187039818,3794.51187039818,3794.51187039818
T631,4181.16969826948,4181.16969826948,4181.16969826948,4181.16969826948,4181.16969826948,4181.16969826948
T632,4058.20059090517,4021.96533575648,3988.26999149686,3956.91963610915,3927.73632301291,3900.55739019186
T633,7513.36154050313,7513.36154050313,7513.36154050313,7513.36154050313,7513.36154050313,7513.36154050313
T634,7064.36404820359,7220.03952960867,7379.0738385781,7541.53789790794,7707.50409532361,7877.04631306553
T635,4399.55841483035,4399.55841483035,4399.55841483035,4399.55841483035,4399.55841483035,4399.55841483035
T636,3767.76048022094,3767.76048022094,3767.76048022094,3767.76048022094,3767.76048022094,3767.76048022094
T637,6063.5066186294,6047.66533891895,6034.29308566634,6023.00503569055,6013.47634446336,6005.43279781909
T638,6363.08318667612,6363.08318667612,6363.08318667612,6363.08318667612,6363.08318667612,6363.08318667612
T639,6733.70649208041,6733.70649208041,6733.70649208041,6733.70649208041,6733.70649208041,6733.70649208041
T640,6884.70098736933,6954.59508677323,6923.13844678093,6937.29586790867,6930.92415837335,6933.79181923024
T641,5032.74621049335,5032.74621049335,5032.74621049335,5032.74621049335,5032.74621049335,5032.74621049335
T642,6018.97682472809,6018.97682472809,6018.97682472809,6018.97682472809,6018.97682472809,6018.97682472809
T643,5487.23950811538,5487.23950811538,5487.23950811538,5487.23950811538,5487.23950811538,5487.23950811538
T644,6373.56834663643,6373.56834663643,6373.56834663643,6373.56834663643,6373.56834663643,6373.56834663643
T645,6312.20160637169,6312.20160637169,6312.20160637169,6312.20160637169,6312.20160637169,6312.20160637169
