T1,35662.5523258027,35079.6707230593,35154.9192520496,34796.4775326964,34824.9667821719,34643.2043528426,34642.0650269142,34450.143357832,34306.466248016,34030.5050693926,33786.5385160328,33519.2960528214,33352.4896759139
T2,3499.06070352862,3489.6533912926,3467.63067331331,3439.89807870677,3443.22103505676,3446.98806686347,3447.83342874724,3442.77028459041,3430.38311571378,3411.53310948652,3389.19555579417,3367.47040874355,3350.20485520409
T3,9674.06361203708,9877.89289624715,9857.23539567195,9667.26866830147,9655.05910572758,9852.69225246757,9928.36956352903,9768.36753158293,9669.28535254579,9816.03313570663,9964.1300463228,9871.90798473737,9718.74615877338
T4,2368.36702022204,2511.69368258602,2634.1084426231,2717.19982142775,2767.48780002282,2814.52229954075,2895.56882735593,3036.98837038909,3239.29890199099,3468.35802000542,3658.68429636156,3737.5660035501,3664.24843372505
T5,1635.67265908379,1761.70403995444,1886.29169333079,2029.45144213499,2189.38764071511,2336.32171269468,2419.65679118552,2391.14412625427,2238.60523242647,2000.79306950722,1745.34575486888,1531.52398887126,1390.32992371314
T6,610.318498072726,656.450588252159,691.504317725374,730.310652391397,795.045585724906,898.601672563431,1036.37882893663,1185.03385359413,1303.64405633215,1340.73827899467,1260.21937005917,1080.12219831914,877.728465308195
T7,2571.70210778579,2756.10853607354,3351.73893518467,3725.09335772252,3959.90131191317,4496.60005488087,5124.39386247577,5150.72893506151,4559.13948510407,3895.73164445284,3374.22250244052,2951.55982892726,2647.89574185698
T8,3609.39474745047,4546.60303802027,5624.11616599743,6325.18626856342,6325.98562374758,5847.68351705196,5380.2172552531,5203.31013596663,5226.08500430028,5123.04191498545,4653.45049036831,3917.92105558367,3232.20461698921
T9,8199.26696383195,8620.13533880901,8900.72835485315,9025.11272131605,9074.22403299312,9150.9543195702,9279.18270530542,9362.34040675407,9243.39028571604,8835.54713507271,8211.88981629161,7560.13253203477,7050.9078070811
T10,5129.23074523244,5125.13595352906,5129.29661372719,5127.00187020262,5130.38293264365,5128.14216111225,5130.983607117,5129.08912328086,5131.3965643906,5129.77623948661,5131.67850981146,5130.29548082581,5131.86233192136
T11,357.903233314294,365.490072834347,361.140218881794,362.957173739385,366.581506702198,357.20487095371,337.981719901139,324.962259242089,321.939776472857,318.740921515047,310.636053792777,304.938559174898,306.213045722586
T12,1045.99273080145,1056.30174379816,1063.70232406161,1065.57043084245,1062.01229189109,1055.61100715256,1049.9296988622,1047.5902315991,1048.94601210017,1052.03691834685,1053.82923175467,1052.06034273638,1046.68201318918
T13,2513.13650007864,2492.2619062988,2474.35695719695,2458.98299560068,2445.7702004701,2434.40583151587,2424.62464167743,2416.20111377671,2408.94310870857,2402.68660659275,2397.29137329638,2392.63730133541,2388.62144882021
T14,2436.22457187786,2436.22457187786,2436.22457187786,2436.22457187786,2436.22457187786,2436.22457187786,2436.22457187786,2436.22457187786,2436.22457187786,2436.22457187786,2436.22457187786,2436.22457187786,2436.22457187786
T15,4732.61911583462,4646.00373932944,4820.26116551046,4855.64796000606,4803.94699993839,4790.94439250323,4805.74287948508,4810.36782476163,4806.13728537878,4804.54634138556,4805.7393954783,4806.2744291462,4805.94182046182
T16,4827.09370234962,4696.47514804184,4747.36624336486,4747.36624336486,4747.36624336486,4747.36624336486,4747.36624336486,4747.36624336486,4747.36624336486,4747.36624336486,4747.36624336486,4747.36624336486,4747.36624336486
T17,12039.1064809402,12044.3593304845,12034.1946852453,12017.017280042,12013.7944037277,12020.6710288517,12016.4196822078,12000.394943059,11993.1140364201,11999.4238121302,12000.3488471354,11987.2260555331,11976.7405057252
T18,4322.16257534843,4317.67941181225,4310.8274535195,4305.01065560226,4299.0885297443,4293.43335781644,4287.91416909223,4282.56772269773,4277.37516826257,4272.33637700465,4267.44519246678,4262.69766174194,4258.08928868093
T19,2748.62699228082,2828.50828635424,2975.61380287823,3087.32593184171,3105.38674865809,3113.79169088877,3293.77968616619,3803.55943277156,4642.70719886964,5452.21506077982,5583.3039687014,4827.3336197299,3750.07067346996
T20,3934.34084122223,4038.98255057571,3963.86870778297,3735.47364999418,3738.24741287626,3775.83666494302,3741.88052466396,3585.09647854435,3590.23170652737,3946.39376267739,4495.25403215607,4906.56928851693,4913.10269994778
T21,2260.18606510329,2592.94785647688,2674.16908162763,2839.85303325629,2984.650521071,3161.78270576725,3196.40206794382,3105.0518377103,2860.00539749708,2554.08681876732,2239.55379645734,1982.92786398268,1801.44076229185
T22,3309.12942863608,3372.75634437505,3538.80829525786,3712.2969104733,3788.50677006584,3758.98291375108,3728.94199684137,3812.36681032513,4023.23730558522,4239.10433388515,4277.36839152398,4071.45783855071,3742.81008500509
T23,717.747520996951,716.103607944079,723.993287918439,719.766675075496,697.403642609344,692.327922563968,708.371347833914,741.328712673453,779.377866235551,811.829632461308,828.226796656888,818.840614856533,787.996974737233
T24,6304.30192734694,6139.01017751487,6373.50716952153,6678.31504265495,6893.22373481914,7509.2610778335,8877.94305046432,10628.1947901149,11958.9691465635,12393.8476615201,11923.524333426,10676.4549040558,8940.31497604869
T25,1557.66445983599,1869.71639896608,2197.41906003188,2453.91226983499,2606.0026923426,2689.75652483604,2758.32353441153,2825.59453548045,2855.83035559454,2798.52360997227,2634.1678699474,2390.92624733906,2123.55340495727
T26,3283.54375126911,3465.51817528262,3664.39682981568,3903.80290396282,4210.75706205071,4598.03228235397,5044.06875552252,5478.82517949871,5790.5705284863,5865.83457355686,5649.43964730245,5181.83093169314,4579.81013491574
T27,2182.71038802264,2294.84527905649,2480.1978067822,2750.41309416059,3079.81981158891,3394.52502641577,3593.38881827066,3606.95062846359,3446.7645359669,3190.84304548908,2924.12467886481,2695.05265170728,2511.52137875534
T28,3663.17664502166,3773.10989621229,4088.15248057699,4495.504659641,4792.40107882026,5009.45213511746,5460.89108733007,6378.16550757533,7448.51291974742,7732.29236335997,6778.1246037672,5380.89135248546,4384.31831214225
T29,888.112755660674,965.028981540362,1013.28633694079,1070.06031066746,1133.00514762578,1208.79943628075,1285.58280641864,1334.7537507177,1324.55606732317,1246.27486776484,1124.45747673787,998.20739651163,896.191825564493
T30,3788.57978336356,3842.46404165951,3970.35325631704,4189.20109096778,4497.24677675658,4871.08516708285,5266.59352832722,5625.17036857873,5885.32445667366,5997.19478377045,5935.62121675462,5707.22699478845,5348.88719106108
T31,862.679558570684,942.76293450681,1072.56555555884,1238.40751966173,1415.41738024361,1584.13792750378,1734.22324218428,1851.03972212166,1903.2074206022,1852.94649189119,1688.40932199572,1447.44465003128,1202.90533021787
T32,4502.88904953315,4826.21747565109,5205.20423377136,5540.19311533199,5731.37404665864,5755.49448413159,5801.97607185834,5939.11138231913,6016.14237106048,5814.44914755946,5322.3725339308,4770.5029023439,4385.3784697639
T33,1728.14486300448,1848.67566530732,2059.13275846137,2409.1600907205,2622.57856775507,2524.5905947874,2486.63581002066,2916.32524505641,3534.33284071088,3520.9512676304,2767.13169597954,2099.27932745583,1984.46417935099
T34,1427.79476699982,1525.3144472014,1623.45838304575,1685.66679340337,1700.35709072505,1694.38293199637,1705.35607808334,1744.15958656491,1780.88967553088,1764.93486378071,1669.22536351991,1517.20864279836,1361.46216948216
T35,1440.95823754392,1660.3111468817,1692.77932304079,1708.67065388502,1883.77084453843,2097.61642361141,2127.99656549377,2026.16269550777,1960.56974243851,1911.28391726241,1768.3052408274,1559.0391293347,1392.30874745095
T36,17062.3560456202,14272.339434737,13020.0671948865,12895.7585231491,13451.6701563719,13340.1368004015,13486.3674232014,14222.5726974981,15317.873129956,15797.2747363194,15691.6177630234,15512.5351312698,15603.9785122021
T37,2900.51769093578,2902.68769317411,2904.57730177947,2906.22274740085,2907.65557919747,2908.90326975055,2909.98974181232,2910.93582699194,2911.75966517294,2912.47705232064,2913.10174334801,2913.64571584728,2914.1193997438
T38,3088.8146438274,3088.8146438274,3088.8146438274,3088.8146438274,3088.8146438274,3088.8146438274,3088.8146438274,3088.8146438274,3088.8146438274,3088.8146438274,3088.8146438274,3088.8146438274,3088.8146438274
T39,5843.26266239236,5848.34644166843,5852.54213978399,5856.0044152349,5858.86114116,5861.21800250526,5863.1623169,5864.76618885881,5866.08916333807,5867.18037963288,5868.08042486747,5868.82274798639,5869.4349837586
T40,5839.44148418322,5845.29219774379,5850.25051110554,5854.45194813613,5858.01160968481,5861.02722486238,5863.58172137547,5865.74545665097,5867.57808847463,5869.1302010748,5870.44468013413,5871.55786219627,5872.50054574858
T41,6201.12340312056,6201.12340312056,6201.12340312056,6201.12340312056,6201.12340312056,6201.12340312056,6201.12340312056,6201.12340312056,6201.12340312056,6201.12340312056,6201.12340312056,6201.12340312056,6201.12340312056
T42,6209.67371294858,6209.67371294858,6209.67371294858,6209.67371294858,6209.67371294858,6209.67371294858,6209.67371294858,6209.67371294858,6209.67371294858,6209.67371294858,6209.67371294858,6209.67371294858,6209.67371294858
T43,6205.33220723078,6205.33220723078,6205.33220723078,6205.33220723078,6205.33220723078,6205.33220723078,6205.33220723078,6205.33220723078,6205.33220723078,6205.33220723078,6205.33220723078,6205.33220723078,6205.33220723078
T44,5836.1348767811,5844.41629717439,5852.14367253712,5859.35340358037,5866.07957564028,5872.35411409981,5878.20690383322,5883.66590454949,5888.75728253227,5893.50549945531,5897.93343526565,5902.06247417081,5905.9126003395
T45,2931.61056545108,2932.67489381188,2933.57396269279,2934.3333928104,2934.97484276982,2935.51662264182,2935.97420377503,2936.36066197559,2936.68704407075,2936.96268550948,2937.19546843845,2937.39205631612,2937.55807450842
T46,3272.26138271343,3272.26138271343,3272.26138271343,3272.26138271343,3272.26138271343,3272.26138271343,3272.26138271343,3272.26138271343,3272.26138271343,3272.26138271343,3272.26138271343,3272.26138271343,3272.26138271343
T47,2930.21504402287,2931.22601653774,2932.08136316904,2932.80500655971,2933.41719991074,2933.9350914822,2934.37319136365,2934.74378454439,2935.05726920161,2935.32243769207,2935.54673370763,2935.73645822568,2935.89693307177
T48,2991.13040296888,2985.54705267947,2980.91140941444,2977.06149918105,2973.86336483549,2971.20615295586,2968.99799145784,2967.16274742241,2965.63727456107,2964.369147081,2963.31488346209,2962.43835262425,2961.70956237654
T49,3225.84847644036,3225.84847644036,3225.84847644036,3225.84847644036,3225.84847644036,3225.84847644036,3225.84847644036,3225.84847644036,3225.84847644036,3225.84847644036,3225.84847644036,3225.84847644036,3225.84847644036
T50,3227.36157825677,3227.36157825677,3227.36157825677,3227.36157825677,3227.36157825677,3227.36157825677,3227.36157825677,3227.36157825677,3227.36157825677,3227.36157825677,3227.36157825677,3227.36157825677,3227.36157825677
T51,6560.20843897371,6560.20843897371,6560.20843897371,6560.20843897371,6560.20843897371,6560.20843897371,6560.20843897371,6560.20843897371,6560.20843897371,6560.20843897371,6560.20843897371,6560.20843897371,6560.20843897371
T52,7053.97093601849,7053.97093601849,7053.97093601849,7053.97093601849,7053.97093601849,7053.97093601849,7053.97093601849,7053.97093601849,7053.97093601849,7053.97093601849,7053.97093601849,7053.97093601849,7053.97093601849
T53,1908.66244071753,1908.66244071753,1908.66244071753,1908.66244071753,1908.66244071753,1908.66244071753,1908.66244071753,1908.66244071753,1908.66244071753,1908.66244071753,1908.66244071753,1908.66244071753,1908.66244071753
T54,2472.95267071088,2478.88445399226,2481.50489924959,2480.57874929607,2474.58440239819,2475.25600906217,2475.39000182275,2475.79097866543,2474.16265519563,2473.61350100899,2473.53111218292,2473.18934896921,2472.93015047765
T55,5013.36822727509,4988.83414776612,4964.22834394439,4940.44632429975,4918.34356966475,4898.70087101378,4882.19409338312,4869.36951217925,4860.62546468197,4856.20071854392,4856.16969494421,4860.44448907538,4868.78348039236
T56,3045.02174332129,3115.84450616032,3190.06398502682,3265.22809737,3337.728346949,3404.5545253414,3464.02503833323,3515.43133000766,3557.91199643781,3589.28297649325,3605.63384359905,3602.09720555992,3574.51068895719
T57,2082.54536303456,2009.02790544967,1940.56501190678,1872.33486309458,1805.8891244742,1741.78662461442,1681.35627630162,1626.4180194135,1578.80385386998,1539.86195891261,1510.13729647716,1489.3445845443,1476.63521287694
T58,3432.88175278443,3554.25055415568,3489.35717922763,3513.68756570632,3529.10248636663,3572.42351434786,3601.43345239983,3614.97590310597,3600.83516563878,3568.16878005409,3529.41067911975,3502.11431223046,3498.0226241391
T59,2262.32396750399,2205.94759058301,2161.35783395274,2126.01328953152,2097.94709808805,2075.62818528705,2057.85883695513,2043.69825514298,2032.40492059551,2023.39273414628,2016.19737081199,2010.45028532933,2005.85850684806
T60,9042.4958363674,9042.81078661177,9043.10106204251,9043.36859515356,9043.61516718786,9043.84241996046,9044.05186675961,9044.24490239755,9044.42281247685,9044.58678193355,9044.73790291291,9044.87718203032,9045.00554706452
T61,9956.7843650646,10909.9558256683,11294.3879824156,10702.9853616725,10293.3583184319,10699.9810389124,11261.317442664,11095.5611600997,10569.5993959262,10625.0542476807,11211.8075948205,11375.7923410608,10889.6952521072
T62,7195.88094224855,7154.13056970713,7096.48582934654,7070.02882667787,7047.31787688446,7043.23233635028,7073.51481890191,7146.19156840299,7245.56174909949,7345.7561383379,7422.28365820774,7461.36244383359,7462.08240410249
T63,5964.54495069706,6049.56561118838,6033.7499187812,5997.84762832845,5989.68290205555,6053.12287304437,6072.02803573428,6062.25774417452,6080.09273314908,6141.73322737066,6192.8357807386,6229.45992678755,6274.02594483633
T64,13929.719660456,12552.7529041847,12795.2549408026,13488.6498031037,14162.8174921681,12861.4869674299,12720.8293065667,13106.5488270798,13993.3129464624,13285.9348260016,12700.5612279236,12940.7410063675,13616.7278924906
T65,19275.6161049139,18045.9548457648,18256.0703522133,19694.500572991,20005.5274182931,18789.8828778887,18366.5907648743,19605.5370284396,20592.115217944,19735.2682616385,18688.9246909936,19144.3818905721,20063.3458681677
T66,7385.16619520762,7608.18661304132,7585.58154534598,7405.43078568102,7355.092795755,7574.77968229975,7624.13497195639,7499.83208974358,7367.75312081761,7516.28356152928,7632.10320521513,7564.77566337947,7413.75155856073
T67,13408.8688682697,13404.5209036999,13421.1388964386,13463.8387502893,13488.7711135137,13491.9795361292,13504.9558459863,13539.846282802,13568.682677174,13572.9391605789,13575.8528917763,13601.1381656078,13631.6881269903
T68,6894.94105952652,6880.79403186576,6870.40705422574,6862.14405064313,6852.14701067604,6842.93864512868,6834.70313180104,6827.35484966306,6820.1459917323,6813.42124556521,6807.18285495505,6801.43092244883,6796.01006997217
T69,6889.78622113599,6874.48493006913,6876.19799458042,6870.29433798877,6847.71388601833,6829.0381595219,6827.52312803114,6827.31445661107,6812.28351479629,6793.20768398629,6787.54193952874,6789.49690225394,6781.49800875484
T70,2607.06317055845,2605.24504106585,2603.51420503824,2601.86643144919,2600.29769802719,2598.80418061774,2597.38224311824,2596.02842795205,2594.73944705033,2593.5121733125,2592.34363251772,2591.23099566182,2590.17157169551
T71,1930.47718145291,1930.47718145291,1930.47718145291,1930.47718145291,1930.47718145291,1930.47718145291,1930.47718145291,1930.47718145291,1930.47718145291,1930.47718145291,1930.47718145291,1930.47718145291,1930.47718145291
T72,1930.02692414061,1930.02692414061,1930.02692414061,1930.02692414061,1930.02692414061,1930.02692414061,1930.02692414061,1930.02692414061,1930.02692414061,1930.02692414061,1930.02692414061,1930.02692414061,1930.02692414061
T73,1930.00850341238,1930.00850341238,1930.00850341238,1930.00850341238,1930.00850341238,1930.00850341238,1930.00850341238,1930.00850341238,1930.00850341238,1930.00850341238,1930.00850341238,1930.00850341238,1930.00850341238
T74,5397.87848246201,4974.79682465598,4834.75030811782,4996.09928397321,4814.72922309977,4579.01672652203,4485.37972306048,4591.44571132614,4716.22931985171,4806.67744207621,4868.82078378717,4910.04390800773,4883.99816503558
T75,23931.1124891919,24057.2838010464,24118.3359647739,24113.0474158738,24113.0474158738,24113.0474158738,24113.0474158738,24113.0474158738,24113.0474158738,24113.0474158738,24113.0474158738,24113.0474158738,24113.0474158738
T76,428.472856811916,404.82468403466,381.82639210703,359.479226858403,337.784475433151,316.743469035446,296.357585953887,276.628254905086,257.556958742441,239.145238584972,221.394698431777,204.307010340925,187.883920268215
T77,3828.14632626742,3991.76220710373,4076.57764430646,3964.58252280532,3840.72883594325,3812.41506758862,3816.55889734835,3789.25659129294,3751.4987826089,3740.81223812162,3751.86757464573,3761.11802429915,3763.51203842124
T78,3693.72300557703,3971.01734549411,4122.70143581864,3879.36914176339,3694.71455712026,3877.17508651383,4109.40505814292,3972.3801179703,3725.65116003972,3795.93628355743,4057.02938640173,4043.45311925877,3787.35010408683
T79,1491.51456552467,1478.2213659516,1431.4329935694,1381.7601019049,1349.36740577943,1333.73015903718,1322.86176807683,1311.40290884752,1310.10483266335,1337.85511674301,1403.31201767708,1492.50349892904,1573.79768622371
T80,1528.53161209752,1479.56277004006,1421.11804237463,1381.41296355235,1366.63216565205,1363.33919500344,1356.85357942185,1348.99025996561,1359.29217673895,1407.85693890109,1493.92453165465,1589.13943863259,1653.19660096825
T81,24556.2122832775,24545.6961317231,24550.5837777773,24551.5129514271,24462.0969619199,24229.305390938,23929.7861994546,23755.4149700091,23883.7734738938,24331.1044549795,24891.0969221394,25225.4334356289,25092.9524440433
T82,4417.38491694899,4416.799836904,4415.82150169969,4414.22708669279,4413.94991582586,4413.43611959674,4413.08371717428,4412.61031652519,4412.48957606023,4412.25402532024,4412.13655008472,4411.97737795045,4411.92553546023
T83,5983.62926616042,5991.32050083041,5998.16210470943,6004.24793431235,6009.66147806766,6014.47700165326,6018.76056680975,6022.57093760823,6025.96038660491,6028.97541194199,6031.65737523223,6034.04306897807,6036.1652213094
T84,5982.52028880267,5994.81521780593,6007.11139719234,6019.408824656,6031.70749789975,6044.0074146351,6056.30857258217,6068.61096946967,6080.91460303482,6093.21947102333,6105.52557118933,6117.83290129533,6130.14145911218
T85,17288.9940851681,17338.2917098016,17387.6775184276,17421.0852762491,17433.0136453969,17427.3866185348,17410.7706578495,17384.9011267659,17343.2725005995,17273.5329992593,17163.8199081964,17009.124385045,16814.3095555027
T86,17293.4585021889,17323.8855313876,17354.2719289291,17376.5375303526,17386.1335441456,17381.8690081833,17363.7882395884,17330.3259912082,17276.4082324832,17193.8254561101,17074.1699309282,16913.2959436893,16715.2621649479
T87,1084.78747433759,1084.82663007385,1084.8647617968,1084.90189837675,1084.93806401667,1084.97328573,1085.00758586179,1085.04099050196,1085.0735229411,1085.10520460483,1085.1360578583,1085.16610507115,1085.19536768227
T88,11974.9380600615,11999.0105403142,12017.1475651504,12066.22651713,12111.9450106882,12150.2588787649,12166.8279572827,12157.7995895113,12125.3460582442,12078.848453086,12030.4291570801,11990.8886444392,11966.2249086318
T89,1202.60529110744,1227.57869382586,1234.09134361349,1204.15201502018,1196.65246904158,1219.772188123,1235.41933996354,1215.46328641112,1196.23791954739,1209.89293967208,1232.52951802368,1224.75780692519,1201.07495379821
T90,1831.04364460904,1841.48530246576,1848.35737502722,1840.83463517469,1842.14850327987,1842.18878606821,1842.97157651234,1842.28087836952,1842.50302629551,1842.42136631929,1842.52034487097,1842.44633699173,1842.4793634138
T91,19787.718256141,19807.972223154,19836.0739233097,19863.2496807097,19880.203277679,19881.3550149768,19867.637603694,19846.6654513157,19830.1377726997,19829.4422271171,19851.109980602,19893.8089191528,19948.0307481638
T92,23384.3662162189,23497.6695994995,23731.9460000155,23552.3919999092,23729.809865162,23852.2314371926,24053.2401758631,24091.925852676,24056.8468092012,23895.5948538925,23687.0710335844,23439.5105173677,23208.267308207
T93,1739.8552176302,1735.69262243368,1730.31857361378,1732.62998646423,1737.13230987537,1736.57022509827,1732.65499339363,1732.17724799243,1735.21080749236,1736.29796227204,1734.13542110235,1732.71209406534,1734.11323970563
T94,1814.59013342912,1814.59013342912,1814.59013342912,1814.59013342912,1814.59013342912,1814.59013342912,1814.59013342912,1814.59013342912,1814.59013342912,1814.59013342912,1814.59013342912,1814.59013342912,1814.59013342912
T95,1644.07416669207,1644.07416669207,1644.07416669207,1644.07416669207,1644.07416669207,1644.07416669207,1644.07416669207,1644.07416669207,1644.07416669207,1644.07416669207,1644.07416669207,1644.07416669207,1644.07416669207
T96,11379.1130046035,11433.8132018827,11425.4279488121,11424.8022890666,11488.2062186318,11523.3281561344,11562.4491932843,11545.5062928615,11562.7787593515,11547.2972147141,11552.074159456,11525.91656411,11521.3600389658
T97,464.56782893996,502.75688032678,515.880691093177,479.285624180673,478.46018828326,496.289756834555,511.747948987318,495.816610354584,486.206827773309,486.307698448914,491.527400480384,485.540998577404,483.197930679397
T98,601.16077850508,639.602464119048,651.614433969441,614.832471330553,615.781653340951,636.10829841392,652.0570946679,636.486935195896,627.865868043831,628.928942176167,632.349654275655,623.048457996189,617.971534631904
T99,15057.5282476273,15015.5745259504,14974.405963916,14934.0060422496,14894.3587115917,14855.4482648264,14817.259396309,14779.7771933271,14742.9870443134,14706.8747319201,14671.4263752146,14636.6284060409,14602.4675789483
T100,11387.3294099889,11478.551855681,11430.831673882,11368.9100207772,11410.5224725802,11414.149133387,11434.9234672003,11386.8937898075,11413.6837604259,11403.3325179931,11421.946341852,11400.0085768193,11409.2944220007
T101,9886.29534544275,9926.85503828574,9859.9741391735,9858.57387571004,9965.1191383813,10012.4884364541,9995.1572775257,9955.0190733676,10024.7471203705,10081.5180804284,10108.780994264,10085.2554538202,10102.676899503
T102,15886.3546665856,15920.0844636066,15954.0104127685,16020.6038674116,16082.053768359,16144.2138519852,16184.8660109095,16196.7111893721,16170.7441572918,16112.9515399139,16038.7442016358,15971.6449975455,15932.1590168386
T103,4066.94566382291,4066.7565947067,4066.57049040689,4066.38730500694,4066.20699488027,4066.02951186351,4065.85481235801,4065.68285277835,4065.51359182704,4065.34698366896,4065.18298930624,4065.02156520284,4064.86267238382
T104,1026.66343039037,1022.63017273147,1018.28252994031,1013.9966631955,1009.76812168527,1005.59603522891,1001.47951714079,997.417697534517,993.409722652245,989.454754520662,985.551970612447,981.700563515924,977.899740612677
T105,9159.38219463059,9157.78186452452,9168.97504248592,9188.240311778,9201.81833214799,9201.06794757571,9191.16149807117,9185.18829519901,9190.02637976281,9198.87810429587,9198.25747160023,9182.32884546721,9159.59964764908
T106,2158.85958613768,2159.34578880248,2157.1716941923,2160.70416897288,2166.97876829839,2169.89100416345,2168.83898543093,2168.8358165425,2171.09385047049,2172.30386469941,2170.72137904566,2168.34290604236,2167.12069266039
T107,23978.5099201348,24098.2802627716,24205.3149556087,24287.8536577968,24341.3213110724,24369.0394249069,24378.110604004,24382.1295374952,24393.4259405676,24417.9029275483,24453.9509659804,24496.7482234451,24542.4464803233
T108,16056.9774986235,16122.1145857448,16126.6157849963,16113.9144677406,16172.2210034442,16225.5300821541,16258.8883503958,16250.186627875,16233.6551744267,16212.2286018442,16196.8635486541,16193.5837613591,16201.3039462764
T109,14254.1910714849,14320.9558122725,14330.180710028,14315.8813996486,14346.0423945202,14386.3294313277,14426.7935625519,14431.3026769388,14420.8473530738,14392.0332073661,14369.5761812338,14355.1522626958,14359.4552298276
T110,7318.1630150804,7326.40065666707,7334.83624715567,7344.65797966266,7357.8285452938,7376.39445701908,7401.57690461735,7433.0055979683,7468.42611056467,7504.05295503985,7535.51012575814,7559.0807626041,7572.85851695021
T111,1070.54309271072,1070.53990854436,1070.5368086243,1070.5337913453,1070.53085429992,1070.52799508074,1070.5252128849,1070.52250370057,1070.51986672496,1070.51730035304,1070.51480217759,1070.51237059367,1070.51000399634
T112,9479.25526227994,9512.80799623718,9535.53567356364,9577.48319517843,9605.03924393955,9627.68606584792,9639.81096915277,9645.01364379068,9640.1460803999,9623.94121505268,9597.38245259705,9567.24545450249,9542.82269665233
T113,730.214263782865,734.871111987224,746.58856186205,743.063928839049,732.261566188597,732.195583410548,742.766506505232,745.503262174863,736.134299455236,731.074823481635,738.667584256218,745.542936126646,740.039287686366
T114,10491.7317583088,10525.6551638459,10550.8730877781,10536.0603045751,10530.2206001382,10533.1811631459,10536.0112746606,10534.6947142084,10534.0113327146,10534.255468862,10534.5659792995,10534.4531557907,10534.3760749925
T115,11322.4229833928,11327.7452420662,11330.6504509864,11332.1574571143,11333.3411904508,11335.152920772,11338.2667261282,11342.9732977896,11349.1352882007,11356.2099878537,11363.3361333509,11369.4729951858,11373.5724850275
T116,14908.1104722073,14864.808687646,14887.7280889989,14978.2890339396,15103.6806152935,15211.7363731914,15269.3297733148,15290.6124917805,15322.1373232042,15389.8969508052,15452.3499385639,15407.7074219524,15168.0244411109
T117,7069.09485722429,7091.27075820487,7118.34502984241,7136.78033115694,7144.42047384039,7153.03511464035,7180.58975359515,7238.10833895147,7319.52828193682,7401.1759274002,7452.51660600406,7452.99870380325,7404.13973651876
T118,1739.06059059427,1734.850261401,1729.49375378473,1731.9507009395,1736.38811357404,1735.73659547933,1731.82236065766,1731.45348789416,1734.51731422797,1735.50092276936,1733.29934138508,1731.95213235295,1733.41633217004
T119,1024.69615285129,1024.69615285129,1024.69615285129,1024.69615285129,1024.69615285129,1024.69615285129,1024.69615285129,1024.69615285129,1024.69615285129,1024.69615285129,1024.69615285129,1024.69615285129,1024.69615285129
T120,878.559111850043,878.559111850043,878.559111850043,878.559111850043,878.559111850043,878.559111850043,878.559111850043,878.559111850043,878.559111850043,878.559111850043,878.559111850043,878.559111850043,878.559111850043
T121,10439.4003902271,10488.8347265346,10470.8735912102,10470.3322679416,10536.9373829575,10569.1666762535,10605.9337668901,10587.3600002543,10612.66618707,10602.8012806485,10615.9654975537,10594.8030168818,10597.109253279
T122,358.273980517261,378.670472416426,390.625309677577,382.679488872869,371.941222600829,377.163663296716,384.089885771327,381.347768045807,373.498010703167,373.189288669812,376.991141457049,377.21091029978,372.969892525583
T123,470.773405866474,492.198009740101,503.335868273289,493.108515151408,483.050707419608,488.639235078378,495.329629942072,491.238411892475,483.369148738927,483.283411098705,487.164100114131,486.731649161566,482.422007828426
T124,8486.49771738436,8489.97853443093,8487.7068452568,8478.46221680482,8463.0064084163,8443.60676231735,8423.0730481769,8403.75612504622,8386.92293623056,8372.70129390964,8360.50404610415,8349.63222867324,8339.70965414419
T125,10842.9984366461,10903.7684641433,10834.0365971748,10805.3935980749,10812.2117945609,10839.3812475311,10830.1092669328,10817.01965005,10805.0052482802,10791.7606703007,10768.7673647289,10754.4589400059,10760.1601503307
T126,9608.81627228293,9641.06233608314,9571.1587287666,9574.28054476311,9685.45509704812,9721.86752085062,9703.77558887958,9665.44892736182,9745.44990011525,9793.67556577803,9816.50801098101,9791.22009070657,9817.10502156391
T127,10974.076553042,11053.6230333584,11021.0010029211,11101.1076481751,11106.9690963106,11160.375848168,11198.1015090139,11233.5796484228,11273.1605988382,11282.8495949225,11286.8485204348,11263.6205962958,11238.8497698002
T128,3583.00933091835,3581.04814026396,3570.74477980823,3579.17844072784,3576.0281210624,3576.25470736047,3576.64976825002,3576.45326748459,3576.45461626745,3576.49966478332,3576.47483894739,3576.4788261955,3576.48160778599
T129,1006.57932115171,1000.65711797568,995.085238839072,989.974683020067,984.79886706198,979.522048749375,974.289182721832,969.11141742103,963.948773181218,958.797721725404,953.669190475259,948.564181590669,943.479614094606
T130,8169.62726844051,8172.78320520644,8175.93236462123,8179.0747510047,8182.21038181091,8185.33927455049,8188.46142057527,8191.5768505912,8194.68556914515,8197.78759394265,8200.88292961754,8203.97159397199,8207.05359172634
T131,2157.35623727854,2157.54036667315,2155.33450939519,2158.93303108263,2165.08053698847,2167.76837434748,2166.68048244461,2166.73542743581,2168.95989144822,2170.02304003584,2168.35212211764,2165.98344118028,2164.74092413991
T132,22705.2666495908,22815.4299593698,22912.6088041412,22986.3558556255,23024.9820697114,23034.9509517443,23027.4551566891,23018.9844037146,23021.4959462686,23040.7530040344,23074.5643024194,23116.8101846649,23161.6406478282
T133,13887.8325391089,13946.4330483202,13932.4497591353,13944.3245864816,13997.99296666,14036.2547659528,14069.2166303213,14064.3289596939,14080.3936775912,14068.1460420019,14071.7354550769,14054.9608097842,14059.5916082265
T134,12111.4921164821,12174.418007102,12155.8279226643,12167.3110363334,12195.7293109425,12233.9812932276,12252.3721102901,12258.5952902781,12264.5114506839,12268.7405347112,12269.3705811515,12263.7092526795,12258.7139830184
T135,6206.02667234982,6216.11484226005,6229.44841962495,6238.60026777963,6250.65630294527,6258.95854406743,6269.85957210748,6277.39091001109,6287.24769992906,6294.07956547956,6302.99225135376,6309.18947267124,6317.248575919
T136,6396.74658728735,6425.48041928041,6454.03592622888,6482.41309195185,6510.61192708781,6538.63246852702,6566.47477884975,6594.13894577062,6621.62508158902,6648.93332264556,6676.06382878485,6703.01678282434,6729.79239002956
T137,7002.16493344119,7008.06750276193,7024.77982686432,7040.10798141612,7047.03222389732,7049.2580860111,7057.53825645138,7079.54124761298,7111.35128906536,7137.5872622709,7140.9685388619,7114.84142486284,7068.95438859635
T138,352.195150832605,354.304410381448,362.352607245128,359.318808884883,348.371114075861,345.468344715136,352.390419767145,354.466161360294,345.767286249673,338.744730250973,342.350145891493,347.448204586644,342.774906318954
T139,7849.99681497712,7897.07639401331,7929.32154891533,7912.13566371705,7877.25395773195,7858.62491160752,7871.93359115863,7911.30918123695,7954.02632707075,7977.59046647933,7980.00396529119,7980.92786267241,8000.00386909738
T140,8200.97646202706,8248.66127844657,8289.97072194366,8290.75168346402,8303.31925197489,8324.57013699161,8343.61263030522,8351.44830967493,8356.1943032065,8360.20614934281,8365.1545718266,8370.12139703386,8374.89670508879
T141,11164.998780087,11461.9172159444,11400.920558595,11182.6138047898,11264.5260174033,11579.812080625,11706.8084554631,11618.4634206442,11705.1229980243,12005.5083136002,12059.267085301,11666.0837575005,11250.1033970244
T142,5427.54920381863,5440.72798468751,5438.86981968367,5426.42273651702,5417.95517355129,5429.83988244605,5470.21472773959,5532.94344192297,5598.97179862981,5645.05658197418,5655.68837837869,5630.93843444366,5584.81705592945
T143,11319.7855769302,11304.6071560169,11275.5576683319,11285.5263118765,11310.565942528,11314.8783574141,11300.3707253071,11298.2750737377,11313.2548223747,11322.9874190553,11318.9691365278,11315.3458819099,11322.3355302776
T144,994.978289050206,994.978289050206,994.978289050206,994.978289050206,994.978289050206,994.978289050206,994.978289050206,994.978289050206,994.978289050206,994.978289050206,994.978289050206,994.978289050206,994.978289050206
T145,8598.5154077384,8598.5154077384,8598.5154077384,8598.5154077384,8598.5154077384,8598.5154077384,8598.5154077384,8598.5154077384,8598.5154077384,8598.5154077384,8598.5154077384,8598.5154077384,8598.5154077384
T146,6780.98731623069,6824.59942656967,6789.27584156454,6766.27487125279,6811.89369031034,6841.79892271444,6858.96302684547,6842.34658969159,6873.62990784538,6891.14082568445,6899.76478737191,6861.10723867055,6832.05900459569
T147,129.024881378038,129.752901702325,130.775854102796,131.838003117789,129.760181927991,129.268330793228,129.412082398539,129.935258511526,129.270797152998,128.978890765471,129.029380290852,129.353794886975,129.228020749783
T148,228.943138706621,228.98012991332,228.837527279852,228.863415153411,226.688292886748,225.578072461567,225.196438093147,224.35401814477,223.300772093404,222.035122068741,221.475029441541,220.464536379101,219.62548912395
T149,4406.57214175448,4385.32318431166,4378.07189616802,4397.08059556582,4408.90484083613,4393.11410514312,4377.70767158073,4389.34653988294,4407.35990349202,4400.32365790746,4380.97457472928,4383.09889952027,4402.59884348869
T150,8035.07311176272,8086.80938324699,8052.33994760073,8039.16452427742,8039.82300290755,8053.04987126981,8049.39582237869,8044.52199274178,8042.36570873207,8044.57938650489,8044.27660661178,8042.70627509016,8041.26021468758
T151,6316.46605062427,6368.23798562456,6334.55106352588,6335.5014320941,6357.90360654159,6396.77714284358,6406.39574079719,6416.23926656107,6433.21789462496,6454.37782105744,6452.18314629109,6427.87554919714,6395.38332271797
T152,8483.18344901293,8491.91381324665,8455.87244743533,8486.21970807809,8473.93266477833,8502.4562171245,8537.9205237225,8603.30516358344,8658.8674134814,8689.08263617557,8672.90740473565,8624.35310879533,8567.26015777186
T153,2969.31493382711,2974.84536658645,2960.37419120155,2964.25760544723,2967.44616581077,2962.53709649271,2950.62230385686,2937.07525596203,2923.17070906273,2909.84388177704,2898.4351851054,2890.36950362179,2886.16673897372
T154,8589.54716916555,8565.10018591627,8541.07916925242,8517.47604862008,8494.28292538036,8471.49206861883,8449.0959110708,8427.08704515906,8405.45821914047,8384.2023333583,8363.31243659684,8342.78172253541,8322.60352629868
T155,4593.38991038067,4593.38991038067,4593.38991038067,4593.38991038067,4593.38991038067,4593.38991038067,4593.38991038067,4593.38991038067,4593.38991038067,4593.38991038067,4593.38991038067,4593.38991038067,4593.38991038067
T156,5454.34467357108,5455.50915648882,5456.66396955966,5457.80919129275,5458.94490031927,5460.0711725646,5461.18808407097,5462.29571099608,5463.39412961175,5464.48341488828,5465.56363907715,5466.63487736636,5467.69720080632
T157,1426.61793200524,1424.83221325842,1421.86353455816,1422.63601056587,1424.52515176074,1424.56543576846,1423.07603363027,1422.72169329848,1423.73219717912,1424.22321640029,1423.66097183628,1423.19263204491,1423.53369170395
T158,16530.2147283395,16535.5508022722,16550.3848486202,16563.9465988606,16561.5803072958,16562.3330739173,16562.0935879365,16562.1697767207,16562.1455382735,16562.1532493969,16562.1507962094,16562.1515766568,16562.1513283685
T159,9267.68556445823,9311.72662250014,9291.17656046592,9296.67950657687,9311.46483043043,9341.38236988243,9361.60729092141,9388.25916327747,9409.11705835257,9421.44453884498,9414.39536791182,9396.83023234836,9375.60690345793
T160,8028.87560422748,8054.64624600302,8016.18793232017,8007.97086194787,8049.3389038075,8084.87247235977,8063.68384381194,8038.15276645614,8065.05890174944,8110.35119998309,8107.90117464149,8076.19316674872,8083.94998060651
T161,12096.847936628,12112.6358815111,12128.4346484064,12144.2442380342,12160.0646511144,12175.8958883664,12191.7379505094,12207.5908382621,12223.4545523428,12239.3290934695,12255.2144623595,12271.1106597302,12287.0176862982
T162,4463.12906923658,4468.17642142479,4479.60730693503,4488.62527869164,4504.93063881498,4518.98142671635,4536.61932277803,4549.21479516237,4562.39316066372,4571.03803917896,4581.71245713145,4591.13737610708,4604.15254049385
T163,3771.63682499494,3771.63682499494,3771.63682499494,3771.63682499494,3771.63682499494,3771.63682499494,3771.63682499494,3771.63682499494,3771.63682499494,3771.63682499494,3771.63682499494,3771.63682499494,3771.63682499494
T164,24702.1635645418,24672.6912149198,24630.6249982063,24594.5759047311,24582.9983066927,24609.982143816,24681.8760192131,24795.4400869898,24937.9356236088,25089.2277382639,25225.6085434022,25324.6542628159,25370.0947827618
T165,3757.91779455761,3757.91779455761,3757.91779455761,3757.91779455761,3757.91779455761,3757.91779455761,3757.91779455761,3757.91779455761,3757.91779455761,3757.91779455761,3757.91779455761,3757.91779455761,3757.91779455761
T166,2637.13914166637,2629.94404671066,2636.67122992985,2638.39407210849,2632.35433702043,2628.16941931517,2627.30310091422,2625.30603043759,2620.17066118661,2614.33604015406,2610.52838078421,2609.64286352109,2611.75312595158
T167,3030.69739004563,3030.69739004563,3030.69739004563,3030.69739004563,3030.69739004563,3030.69739004563,3030.69739004563,3030.69739004563,3030.69739004563,3030.69739004563,3030.69739004563,3030.69739004563,3030.69739004563
T168,3691.42538186578,3811.72411022066,3758.10064987741,3708.80602474665,3790.44787689129,3932.41326189156,3934.03025859042,3831.48859555992,3833.11265766763,3940.76692180853,3937.30139438373,3773.55751982489,3663.23494369072
T169,1652.9335810023,1650.11299441476,1650.16738795996,1652.31314709685,1655.64683016909,1659.57365892543,1664.01169693023,1669.30125498465,1675.87671248312,1683.85329494868,1692.71064231542,1701.21342849752,1707.61884481353
T170,3586.77430737712,3577.92689726136,3569.7946303547,3564.09762257595,3562.32810722006,3565.48732028736,3573.88665695231,3587.04711237292,3603.71785213564,3622.01906625782,3639.69583754321,3654.44932323773,3664.2925444503
T171,6066.31200427971,6052.30485524968,6040.88823407392,6048.24241741584,6057.89827958915,6055.55319002203,6049.0487599439,6048.86082367142,6053.23923101432,6054.42027414209,6051.91369060448,6050.52582108905,6051.81853731257
T172,3661.65605997652,3669.14393519663,3664.98152350338,3671.3335832015,3674.70587787224,3678.33152333242,3681.95716879261,3685.58281425279,3689.20845971297,3692.83410517316,3696.45975063334,3700.08539609352,3703.7110415537
T173,3389.90422742569,3346.70495260235,3311.16853756993,3317.13500592993,3326.4639592468,3326.4639592468,3326.4639592468,3326.4639592468,3326.4639592468,3326.4639592468,3326.4639592468,3326.4639592468,3326.4639592468
T174,2813.42335484926,2813.85626964337,2814.20791592969,2814.49354975963,2814.72556325722,2814.91402224711,2815.06710295679,2815.19144673945,2815.2924482067,2815.37448927194,2815.44112925817,2815.49525931794,2815.53922786499
T175,3261.10942007049,3271.05152816134,3261.89540937918,3269.46722248223,3279.6727061447,3292.1416719673,3295.09263654003,3299.5833192156,3303.89324961786,3309.02989876962,3309.71390888501,3309.01116783067,3307.67834048941
T176,2529.1685733046,2529.03989939749,2526.91405561341,2532.87923120304,2534.9785056279,2536.41427604981,2539.50247660233,2541.85492872905,2544.00851037457,2546.48325781463,2548.80571923029,2551.06173853084,2553.36615985922
T177,6597.90621786837,6617.40536814236,6647.92048214057,6684.8109633071,6719.47830996073,6741.37849413762,6740.98114226851,6712.83758916922,6657.75438486835,6583.26208862403,6502.09637100885,6429.07148250889,6377.25029290374
T178,1496.1515899143,1496.1515899143,1496.1515899143,1496.1515899143,1496.1515899143,1496.1515899143,1496.1515899143,1496.1515899143,1496.1515899143,1496.1515899143,1496.1515899143,1496.1515899143,1496.1515899143
T179,2714.183884681,2714.93891574264,2715.66064372293,2716.35053356642,2717.00998612394,2717.64034092673,2718.24287884297,2718.81882462175,2719.36934932886,2719.89557267888,2720.39856526778,2720.87935071014,2721.33890768489
T180,7264.30590742855,7255.71018570786,7249.60911205154,7259.3579596343,7271.57971988026,7273.88490339665,7273.37949211856,7277.42067222114,7284.68549079203,7289.72184726262,7292.3695425857,7295.82884596176,7300.85317088854
T181,8795.50331129343,8801.98894283021,8808.47564894586,8814.96342920478,8821.45228317182,8827.94221041225,8834.43321049174,8840.9252829764,8847.41842743278,8853.91264342781,8860.40793052888,8866.90428830379,8873.40171632074
T182,1351.24993360446,1351.24993360446,1351.24993360446,1351.24993360446,1351.24993360446,1351.24993360446,1351.24993360446,1351.24993360446,1351.24993360446,1351.24993360446,1351.24993360446,1351.24993360446,1351.24993360446
T183,6080.17701921749,6084.18340528585,6088.19054521333,6092.19843878723,6096.207085795,6100.21648602426,6104.22663926279,6108.23754529851,6112.24920391952,6116.26161491407,6120.27477807057,6124.2886931776,6128.30336002388
T184,4605.90953628354,4619.57799445273,4623.57883530996,4634.48522333135,4639.18170909604,4644.96368686176,4649.41346088473,4655.68611576765,4663.19833541605,4671.31815490381,4678.05131489478,4682.08882972266,4683.4364557324
T185,4071.419047007,4077.74722104652,4065.52701950323,4067.37432223394,4081.35825141566,4090.37827696054,4082.66006376498,4077.96300122845,4089.02850631346,4101.84667777738,4099.1018049873,4091.16934045118,4097.02287410783
T186,1735.42957276459,1729.65364808418,1723.64066131747,1718.21412047575,1714.40552615782,1713.18153782244,1715.12273060747,1720.16241657787,1727.48642180429,1735.65019707764,1742.90147073678,1747.62717121538,1748.79644028326
T187,923.815246085908,925.367285740752,927.852660618664,930.244949251868,931.439246710581,930.583012794022,927.36632386565,922.16611553384,915.982517435548,910.178585300379,906.103623529199,904.714500949611,906.301814164356
T188,2232.51782807631,2227.85316183851,2223.19509339015,2218.54361785875,2213.89873037212,2209.26042605837,2204.62870004591,2200.00354746347,2195.38496344004,2190.77294310496,2186.16748158783,2181.56857401859,2176.97621552745
T189,2034.68065295597,2016.23624247633,2010.49127044632,2011.76748555281,1988.1019517093,1977.41063579435,1969.46781603323,1917.94576341735,1862.05589942342,1841.38042286627,1836.1942914229,1854.54850241226,1900.72816134015
T190,447.702996141817,447.536720031804,447.278099193425,446.706665476575,445.742631521497,444.468365004554,443.105856039445,441.955851707674,441.314174951663,441.386126679713,442.219896795148,443.675409562926,445.43751001637
T191,6530.40683656599,6555.97078486237,6580.52846779607,6604.115668879,6626.76722430268,6648.51701841533,6669.39798267292,6689.4420977031,6708.68039814111,6727.14297992838,6744.85900978386,6761.85673658336,6778.16350440486
T192,1167.4511215761,1183.69191968287,1199.78434269804,1211.94536889441,1217.78833707017,1217.26579384974,1212.69619976066,1207.83934282859,1206.47848379841,1211.1199511881,1222.22942659472,1238.15282883754,1255.69032968219
T193,5995.59788313815,5950.31940522095,5939.46918210941,5946.71809584695,5950.14083840626,5949.26658373887,5948.42837139264,5948.46107483755,5948.63534900459,5948.65854719185,5948.62743901,5948.61745475636,5948.6220090867
T194,480.845632820798,479.860497709239,478.711977940342,477.208038253331,475.26452458956,472.916384526744,470.299137694207,467.606214534835,465.03396029105,462.728533700234,460.7474847396,459.044657488228,457.48166793803
T195,934.203490087219,942.574075442439,947.512258412133,954.015962848377,953.473615669091,956.940583429177,956.439547505199,964.135026407559,971.119746864292,984.735471981771,995.803305604888,1006.11099722874,1011.25083582766
T196,9622.49299981122,9622.49299981122,9622.49299981122,9622.49299981122,9622.49299981122,9622.49299981122,9622.49299981122,9622.49299981122,9622.49299981122,9622.49299981122,9622.49299981122,9622.49299981122,9622.49299981122
T197,3304.03150500516,3245.17941590585,3186.69261332263,3128.57317089097,3070.82319925808,3013.44484720507,2956.44030281755,2899.81179470722,2843.56159328755,2787.69201210646,2732.20540923956,2677.10418874732,2622.39080220011
T198,2391.18840779193,2360.51447240562,2341.09387774428,2346.98332644266,2344.56260095729,2341.32220666244,2329.20706172055,2332.73887403558,2328.54602926308,2329.98147264026,2324.35031910563,2325.52701575203,2323.71751457004
T199,758.070286904157,740.467515974473,727.177681896003,714.117760816219,703.225125297667,693.161647733842,684.428721879406,676.542643189319,669.58891630478,663.360770622656,657.832124519975,652.893692275954,648.496771918355
T200,1745.06005878119,1821.65675902749,1888.92900322383,1928.57364252803,1927.93580496896,1884.26472052505,1806.08952270932,1711.00251724473,1620.88224696659,1556.68267338537,1534.61478602563,1564.16906988008,1647.14050853793
T201,1893.32455442776,1888.23672810725,1881.46483788389,1872.08695886613,1862.27205744959,1855.24540505468,1853.09043364368,1856.45573262208,1865.94831217463,1883.00724090347,1908.4581491626,1939.51670940742,1968.32455844884
T202,4159.22498099176,4256.85316173923,4276.2669752009,4342.19866289804,4321.32504553903,4348.47769662434,4327.09227991366,4356.69619283061,4382.10805946929,4429.08235538317,4488.92499861244,4515.42830368406,4560.98008372954
T203,5464.10930046875,5518.17426501808,5567.82954655572,5604.65379921796,5623.38232593899,5623.42491184138,5608.99275270899,5587.71827739211,5568.23335098536,5557.5058754228,5558.71234980344,5570.18158976117,5585.67175518529
T204,7309.80380898429,7306.83933253443,7297.7563522725,7286.50130029412,7280.55231923318,7281.826718577,7285.83543938122,7288.74792630865,7293.87672285183,7309.53887026125,7339.98519622193,7379.54646599454,7417.50465142793
T205,12698.8737737113,12786.317999889,12874.2699145321,12962.7319180119,13051.7064194671,13141.1958368264,13231.2025968315,13321.7291350591,13412.7778959441,13504.3513328024,13596.4519078533,13689.0820922427,13782.2443660658
T206,985.927446209941,971.542903371454,960.14786795909,951.103471974592,943.913576002935,938.190739088935,933.631018169105,929.995078610602,927.093883816573,924.777753406723,922.927930724419,921.450040624451,920.268985286778
T207,10851.8689586018,10904.5925516668,10946.9558176548,10980.9649099656,11008.2482529371,11030.1237372314,11047.6554266613,11061.7008460879,11072.9500418237,11081.9576390956,11089.168995854,11094.9414616054,11099.5616003917
T208,28402.8874394765,24981.1380322287,23090.7899127105,23796.6467125733,23513.4903820088,21410.3959766176,21508.7313157371,25494.9518065124,28724.9146313452,26446.7373994426,23181.6723394716,24337.6686417479,28188.4792901001
T209,4183.09713944432,4182.31814346408,4182.4255678171,4182.51916140588,4181.60006798209,4178.76478536443,4173.3918848556,4165.29137372427,4154.79098615392,4142.74331538626,4130.45079835548,4119.51908783067,4111.66007857542
T210,8062.6653155207,8046.46791990746,8030.82323093245,8038.68895281613,8023.75147424757,8016.11599226289,8009.11589739588,8003.68600120793,7999.29726644374,7995.7867424245,7992.97091875978,7990.7136798541,7988.90379253424
T211,19078.8073407031,19250.1228766203,19466.1251748367,19710.8749082304,19959.5977294153,20188.695369533,20385.6845269838,20554.2239130267,20711.5513206722,20879.512645835,21073.5299167641,21294.5901172107,21527.744002393
T212,5538.77143585813,5583.13686962454,5600.42154020231,5600.37801973686,5593.50312953512,5563.67601547082,5517.32068552176,5463.91248033262,5412.81163678631,5367.88042255463,5333.61012562187,5312.45721889593,5304.02172289406
T213,3227.74761115568,3210.20407676722,3196.23784634577,3185.10855405676,3176.23296958136,3169.15027536819,3163.49546069903,3158.9788406259,3155.37016688876,3152.48618006197,3150.18087889508,3148.33783239536,3146.86416836709
T214,1806.83238379499,1798.92191275412,1800.52624120479,1817.21736643844,1851.97390315486,1900.14983039865,1948.35369055847,1980.30492053118,1987.30244555974,1974.77745900922,1958.14132152824,1951.27256584924,1957.18532392718
T215,2363.38938934242,2363.38938934242,2363.38938934242,2363.38938934242,2363.38938934242,2363.38938934242,2363.38938934242,2363.38938934242,2363.38938934242,2363.38938934242,2363.38938934242,2363.38938934242,2363.38938934242
T216,3145.5352724711,3145.5352724711,3145.5352724711,3145.5352724711,3145.5352724711,3145.5352724711,3145.5352724711,3145.5352724711,3145.5352724711,3145.5352724711,3145.5352724711,3145.5352724711,3145.5352724711
T217,9842.24626040481,9828.6958485213,9782.0607627198,9763.64229584752,9791.99283831577,9826.25417317936,9823.95150225461,9792.87184075718,9774.73886142829,9789.84029354233,9815.27732572042,9818.70384973141,9798.95425557513
T218,9846.31977972367,9802.02300702919,9795.18539336221,9816.96929072365,9873.33216191946,9935.51234945386,9975.62778217901,9980.93096491586,9953.04654664107,9909.63270994701,9875.42520515195,9869.15877911075,9895.10083386114
T219,1049.76659095901,1049.35497539012,1048.97057802006,1048.61159903753,1048.27635764428,1047.96328418535,1047.67091279965,1047.39787455659,1047.1428910465,1046.90476839494,1046.68239167274,1046.47471967577,1046.2807800498
T220,1789.65590330994,1797.36111783944,1797.36111783944,1797.36111783944,1797.36111783944,1797.36111783944,1797.36111783944,1797.36111783944,1797.36111783944,1797.36111783944,1797.36111783944,1797.36111783944,1797.36111783944
T221,7511.00517506108,7508.51060311971,7533.79210089052,7582.95290314087,7647.77191416878,7717.3794203157,7780.54667631888,7828.13841965608,7855.11132563703,7861.46938510358,7851.87228390734,7834.03005146371,7816.39437070592
T222,7762.83275368626,7676.11239208194,7670.68093753247,7762.40218690036,7945.27621682246,8190.66445555188,8451.58050813621,8672.85719419159,8805.93216479289,8823.55626875263,8728.02706524466,8548.99548544453,8332.24256919056
T223,27613.6806919821,27613.6806919821,27613.6806919821,27613.6806919821,27613.6806919821,27613.6806919821,27613.6806919821,27613.6806919821,27613.6806919821,27613.6806919821,27613.6806919821,27613.6806919821,27613.6806919821
T224,1750.02886067592,1754.42068701406,1774.82841240809,1809.46877285197,1856.81476704404,1915.26073314814,1982.78028297883,2056.63568483635,2133.21606371806,2208.08258975076,2276.27093861127,2332.83993506717,2373.57161760955
T225,1990.91063403439,1993.66411192105,2035.40491676984,2127.8042115026,2230.67638869369,2290.05198353931,2309.52415040871,2356.77860080303,2485.58082167985,2661.218034846,2763.60070522736,2704.11709806796,2536.31290903759
T226,2902.76069129848,2878.93349167009,2847.91534430224,2820.29969566108,2805.47260005693,2813.82488930004,2844.99114206452,2889.91563731759,2933.78237471056,2964.38205106672,2977.41606461276,2977.51612737847,2973.66279948481
T227,1547.07849350553,1706.16710714849,1834.34971419833,1904.07174115908,1982.77049483474,2129.14805342661,2353.18655445535,2569.42347935243,2646.652575279,2564.26375098962,2418.71318538849,2319.32759571006,2283.59220792009
T228,7942.27341315163,7995.59020881246,8054.25294408184,8044.64589914278,8111.24522608303,8188.37614193509,8359.85398036297,8519.23755654953,8719.19673796649,8832.68129691276,8913.72746207575,8868.98285609108,8799.08646406548
T229,472.287120929178,449.045379367157,458.510007499739,450.35860858417,456.464932485204,452.897228317064,457.11971562862,457.048613459259,460.909852869953,462.196377336902,464.970179147846,465.747882402229,466.323159263863
T230,3115.12396688706,3139.69976957885,3174.8421616478,3258.72947494188,3344.03448092838,3479.7870495099,3673.94967615565,3894.52353842161,4043.74347179937,4050.7577340101,3922.86310837924,3739.97035748044,3583.46909536717
T231,647.948174506653,699.157497353549,775.180215597518,829.696359889499,924.456638578517,1011.21534179983,1104.40162847423,1172.01810801078,1231.17561947035,1270.7078016236,1297.18344623989,1307.38468256624,1309.25729923511
T232,1917.22137547021,1921.64333344029,1994.05142694521,2113.62519763262,2200.91670683768,2287.45969083244,2462.26160514435,2692.20652318128,2898.30798590249,3109.20449687963,3323.70800478119,3414.37667088001,3369.70010922906
T233,1067.91573594075,1099.3136455917,1145.08955767624,1211.64930390932,1302.43803319259,1418.42350392944,1556.29922751049,1702.04914938585,1828.56397804083,1905.80783924828,1918.67272684265,1877.42035336195,1811.02349520514
T234,1852.60161979976,1882.27791606917,1930.85229038001,1994.28769357919,2068.04341636008,2149.60606901488,2239.77056036415,2341.71214886227,2458.03801477837,2587.10908170388,2720.46234047409,2843.10818601503,2937.58543577728
T235,471.832729346476,517.081346446639,568.665256965255,624.072389037841,682.226711064996,743.758946754525,810.233686458295,882.62644564888,959.750703257316,1037.42967603943,1109.01720819718,1167.33110331153,1207.23786860509
T236,3195.47124637618,3211.52893459299,3241.38591196842,3278.58144533929,3307.89802742832,3334.11711031747,3343.85695945064,3344.03439303849,3332.17636234055,3316.86279651693,3299.16045006677,3285.69976675674,3276.6008007855
T237,1098.37359107009,1122.65092909837,1160.21505432289,1208.12981403849,1266.09510120944,1327.42944874102,1384.36709487266,1427.43144904471,1450.23576849187,1450.87285649636,1432.69893884275,1402.24870329479,1366.81533138814
T238,397.502907538508,420.786374713549,450.348795319387,490.61490384406,545.49635896876,611.158880465482,679.628488412557,741.363421521923,788.699034382032,817.358803135329,827.790487430158,825.257355224422,817.417401791773
T239,3882.805053815,4016.59496318763,4166.78853851072,4296.99805796103,4458.54194886961,4688.85814726367,5023.49779244405,5417.43107848596,5771.00784788955,5975.97014123353,6014.04714168806,5959.61361933163,5911.99473735735
T240,2681.16432446978,2790.75002375866,2885.96414089307,2975.2725175735,3105.14066821407,3260.19974630002,3403.17971299561,3496.28187964101,3522.4452960861,3497.57329072155,3448.24611207004,3400.92222148323,3364.93409154227
T241,1058.04298962709,1099.68139798423,1169.52647888606,1234.42804354967,1340.64322115666,1444.4848903241,1547.44855439276,1624.66484753772,1679.89320746367,1703.41509693637,1709.53180539594,1700.20337087434,1689.69265961279
T242,1560.5763733233,1589.40398497711,1627.86572003744,1694.79900405617,1818.01660231264,2001.87990021538,2165.42658751252,2227.52563279421,2170.19779368337,2042.30562209123,1915.33834920135,1836.70825913019,1809.59866080444
T243,1354.31827983883,1499.50021685335,1689.43523465842,1878.00693038639,2096.8645522537,2327.29394728281,2532.36424896221,2697.26976488094,2812.4426162989,2878.84464623673,2906.19014449233,2906.8563562353,2889.83288292557
T244,817.952788145991,848.743274591076,885.390148511703,926.297609517231,974.029372600919,1023.68267351688,1074.12221750686,1119.79848677269,1158.27890440219,1185.88250160777,1202.03869734012,1206.0950578852,1199.07299497201
T245,2416.44468399222,2470.63639698487,2545.89140125251,2688.05125194018,2827.33865342517,2931.00156434471,3021.63428290791,3153.35469260887,3338.57481393385,3511.29287021426,3579.39356196761,3520.54770741406,3406.40923733455
T246,1262.26924547845,1333.28774501698,1429.87257377073,1432.76363688127,1502.52478724982,1563.22532811264,1694.70301901544,1784.46488045979,1871.07582477568,1884.39422656059,1898.0516851909,1879.71407272421,1876.68597725544
T247,4511.63212209088,4690.75858139243,4830.7291323081,5006.80906234347,5253.56324632772,5454.2429879325,5567.12021323084,5637.68122454432,5709.7131006569,5737.91739451526,5689.80189221869,5603.64488353954,5533.11565356593
T248,16177.9723337172,17419.5468755951,17439.4803725271,16362.5832024314,16380.2309315866,17444.8360413421,17647.4700089069,16882.3177394838,16760.4378642917,17345.1575576644,17321.0803903446,16683.4765089864,16633.4091922284
T249,21314.3526663059,20638.9887299306,20639.2841813148,20153.6909133372,20174.8251797675,19920.9302150803,19913.165478807,19717.511011291,19723.4656166595,19627.8675835014,19620.7306809839,19539.9607768686,19541.4424564478
T250,3331.13524598301,3212.01459984434,3235.12179934308,3382.86325580364,3421.77429775228,3309.16010406774,3270.59543005216,3397.69699570486,3497.38591874305,3414.10161660593,3305.89648448974,3347.7299200777,3439.70660894597
T251,6724.69846408418,6731.1815361554,6725.84280578768,6726.96357889869,6724.98165715826,6724.35085519668,6723.94418587193,6722.47131311118,6722.49924656436,6720.86927371781,6720.92270496046,6719.40672956343,6719.29908467335
T252,8626.09724698563,8855.11086006199,8837.74423012608,8652.85020465658,8613.95640544962,8836.54505137628,8907.99325561683,8786.33289182755,8670.00979064381,8816.22681915754,8946.75624791286,8884.66624009929,8738.14462042502
T253,12406.8041936381,12478.0751526251,12447.7019644749,12398.0202929796,12418.6445446279,12512.6206861183,12496.8506704677,12459.9516581071,12439.0334031572,12517.1066937944,12530.1652096537,12499.8642344713,12466.7471260997
T254,5958.55951032703,5867.85686879723,5927.32899304257,6006.46129831844,6009.33740498815,5922.16048676715,5932.59758935865,6013.53235070057,6058.82895225202,6000.05928715769,5978.66007668072,6040.23987472879,6106.74805728573
T255,1924.69449227702,1930.62499769877,1929.81422881435,1923.97641566329,1912.7228156804,1902.40414925217,1893.27355428902,1888.25062045141,1886.4179225072,1890.53521177059,1901.26112981962,1920.78328941403,1947.36721970172
T256,2876.67689932191,2897.75373106245,2784.48557837009,2608.6191455125,2439.00327787517,2306.12543804312,2230.22480713528,2220.61333224814,2276.77180466702,2388.29830450953,2533.55526486799,2679.70732751031,2788.03200644529
T257,4015.20127533121,4003.33584267781,3989.94673766103,3983.82684869298,3991.19320006571,4011.95760889521,4038.57755108697,4058.34180964825,4058.64807412,4033.14034591905,3985.45850923696,3928.28269899571,3878.1538600303
T258,2125.48844407482,2125.4417926508,2125.40447089795,2125.37461290548,2125.35072592848,2125.33161583216,2125.31632732918,2125.3040962054,2125.29431096579,2125.28648254571,2125.28021956955,2125.27520901561,2125.27120046917
T259,6855.52653059205,6281.63989470991,6056.15553015257,6235.11287397799,6863.63566944306,6519.20388872953,6175.05886274448,6131.56931683429,6786.76323857071,6693.86925221202,6344.61999685492,6079.37266374612,6652.14715998992
T260,722.171290812261,519.73795277182,534.907340125019,640.709850514379,759.464681859508,678.656697080083,531.084225343831,489.670350878726,572.555792571408,665.252148895873,677.039038216406,678.462792960599,748.785710672536
T261,4671.69103192223,4619.23811924867,4603.30777090458,4616.95069463512,4647.1009638198,4668.48196355124,4690.79383909021,4694.87629098199,4669.66063673154,4612.67745804181,4539.56702187142,4464.91701151952,4403.99184223161
T262,4389.53156731703,4388.79675189901,4379.25924031896,4373.3315178078,4378.30290526986,4382.32536359801,4376.2960142932,4368.57148856346,4370.09155033159,4376.00828418931,4374.36312634168,4366.75946576974,4364.77119616972
T263,2380.89302422885,2380.89302422885,2380.89302422885,2380.89302422885,2380.89302422885,2380.89302422885,2380.89302422885,2380.89302422885,2380.89302422885,2380.89302422885,2380.89302422885,2380.89302422885,2380.89302422885
T264,3987.26324120356,3987.26324120356,3987.26324120356,3987.26324120356,3987.26324120356,3987.26324120356,3987.26324120356,3987.26324120356,3987.26324120356,3987.26324120356,3987.26324120356,3987.26324120356,3987.26324120356
T265,2196.33737943233,2196.33737943233,2196.33737943233,2196.33737943233,2196.33737943233,2196.33737943233,2196.33737943233,2196.33737943233,2196.33737943233,2196.33737943233,2196.33737943233,2196.33737943233,2196.33737943233
T266,2184.4960406501,2184.4960406501,2184.4960406501,2184.4960406501,2184.4960406501,2184.4960406501,2184.4960406501,2184.4960406501,2184.4960406501,2184.4960406501,2184.4960406501,2184.4960406501,2184.4960406501
T267,3224.95785024238,3224.95785024238,3224.95785024238,3224.95785024238,3224.95785024238,3224.95785024238,3224.95785024238,3224.95785024238,3224.95785024238,3224.95785024238,3224.95785024238,3224.95785024238,3224.95785024238
T268,1370.64548311214,1370.64548311214,1370.64548311214,1370.64548311214,1370.64548311214,1370.64548311214,1370.64548311214,1370.64548311214,1370.64548311214,1370.64548311214,1370.64548311214,1370.64548311214,1370.64548311214
T269,1318.64094719765,1320.0586294922,1321.43975174216,1322.78521869047,1324.09591471097,1325.37270415742,1326.61643171244,1327.82792273676,1329.00798361799,1330.15740211836,1331.2769477212,1332.3673719758,1333.42940884036
T270,8002.31227199609,8002.31227199609,8002.31227199609,8002.31227199609,8002.31227199609,8002.31227199609,8002.31227199609,8002.31227199609,8002.31227199609,8002.31227199609,8002.31227199609,8002.31227199609,8002.31227199609
T271,7738.92278724304,7738.92278724304,7738.92278724304,7738.92278724304,7738.92278724304,7738.92278724304,7738.92278724304,7738.92278724304,7738.92278724304,7738.92278724304,7738.92278724304,7738.92278724304,7738.92278724304
T272,979.435283255021,979.260692629777,979.100616969011,978.953848119423,978.819277266918,978.695889180067,978.582753718433,978.479018479124,978.383900361579,978.296683244467,978.216710696396,978.143379809756,978.076139475634
T273,6536.58921671694,6590.45770994594,6638.63869697031,6681.56983560699,6719.87244245348,6754.51053898815,6786.73595832097,6817.95745053092,6849.54584142445,6882.60841286308,6917.78293567108,6955.10754369999,6994.01203418997
T274,830.022368152272,830.022368152272,830.022368152272,830.022368152272,830.022368152272,830.022368152272,830.022368152272,830.022368152272,830.022368152272,830.022368152272,830.022368152272,830.022368152272,830.022368152272
T275,8779.61720482326,8781.47593321228,8732.36800283232,8771.86197240346,8877.52066301823,8873.17065291697,8724.90408779325,8595.29070925232,8576.98674383761,8573.92715724608,8507.97001667478,8474.04908908408,8569.43261304022
T276,11169.6446892558,11146.9550292959,11159.8359264105,11203.2475594302,11267.7339635099,11341.741124926,11414.1470758187,11476.4624053684,11524.2578558163,11557.5667374975,11580.2486284957,11598.5324953788,11619.1301921216
T277,3153.22925735101,3153.82463414076,3154.42010483913,3155.01566945803,3155.61132800935,3156.20708050497,3156.8029269568,3157.39886737672,3157.99490177664,3158.59103016846,3159.18725256406,3159.78356897536,3160.37997941426
T278,1325.19429248612,1325.19429248612,1325.19429248612,1325.19429248612,1325.19429248612,1325.19429248612,1325.19429248612,1325.19429248612,1325.19429248612,1325.19429248612,1325.19429248612,1325.19429248612,1325.19429248612
T279,1271.39458383398,1271.39458383398,1271.39458383398,1271.39458383398,1271.39458383398,1271.39458383398,1271.39458383398,1271.39458383398,1271.39458383398,1271.39458383398,1271.39458383398,1271.39458383398,1271.39458383398
T280,5396.45967698623,5395.81134896131,5398.89600816471,5402.03570760126,5406.59670377069,5410.99407475647,5414.52895629478,5417.12995726011,5419.42902623894,5422.48563052594,5427.31418876141,5434.43178104405,5443.6238565833
T281,1770.76323194528,1766.22267088906,1757.37032766132,1747.90688823736,1741.59278851608,1741.40526261252,1748.9175316375,1763.98879177983,1784.79417571209,1808.18805847137,1830.35554084721,1847.644628449,1857.39862997517
T282,2131.42848287427,2139.22366921706,2150.23616758432,2142.27805384117,2126.5724272222,2128.78180699967,2143.00295945476,2143.64304901179,2129.02974776349,2124.35305600944,2136.88993094118,2144.44299801401,2133.81492898264
T283,343.226773236514,342.611567926025,341.641828026626,340.376551509044,338.847778599112,337.08862787771,335.129784285339,333.000404491301,330.728273522585,328.339973447343,325.860970344634,323.315647751333,320.727296027092
T284,567.843904082007,567.843904082007,567.843904082007,567.843904082007,567.843904082007,567.843904082007,567.843904082007,567.843904082007,567.843904082007,567.843904082007,567.843904082007,567.843904082007,567.843904082007
T285,698.244128105389,698.244128105389,698.244128105389,698.244128105389,698.244128105389,698.244128105389,698.244128105389,698.244128105389,698.244128105389,698.244128105389,698.244128105389,698.244128105389,698.244128105389
T286,10678.0279414995,10678.0279414995,10678.0279414995,10678.0279414995,10678.0279414995,10678.0279414995,10678.0279414995,10678.0279414995,10678.0279414995,10678.0279414995,10678.0279414995,10678.0279414995,10678.0279414995
T287,2209.53146604119,2209.58751424786,2209.6413543875,2209.69306584206,2209.74274126475,2209.79045122659,2209.83627956817,2209.88030130306,2209.92258261634,2209.9631985416,2210.00220644304,2210.03968137161,2210.07567186758
T288,7821.2880073251,7821.2880073251,7821.2880073251,7821.2880073251,7821.2880073251,7821.2880073251,7821.2880073251,7821.2880073251,7821.2880073251,7821.2880073251,7821.2880073251,7821.2880073251,7821.2880073251
T289,9923.80326416227,9923.80326416227,9923.80326416227,9923.80326416227,9923.80326416227,9923.80326416227,9923.80326416227,9923.80326416227,9923.80326416227,9923.80326416227,9923.80326416227,9923.80326416227,9923.80326416227
T290,15422.3692476379,15383.1448137534,15460.6167430633,15646.2856923294,15902.8520361352,16171.2872494259,16385.46339221,16491.4698390838,16464.8852886738,16318.1778945399,16094.5541826335,15851.5497773439,15642.1057173917
T291,8282.39807022661,8334.15700691696,8154.40797839711,8162.70328736309,8125.50954168263,8131.48898144893,8110.6682252938,8108.47003369285,8095.25915605477,8090.23757132209,8080.83875177608,8075.17237480055,8067.89869999158
T292,18484.3617810912,18736.3883722023,18702.924216922,18552.227122848,18429.3560748388,18265.7440472927,18100.9559209676,17963.9598286478,17876.4529376849,17849.0828408949,17881.7425812128,17966.7992219832,18093.3895669849
T293,1697.50083878114,1662.63104883102,1667.87025027805,1614.28842663113,1538.43108483796,1465.22935998289,1419.82341401109,1407.10793160476,1433.65701008483,1497.34827348059,1586.78311662521,1680.74374859131,1757.04954395732
T294,1514.57030042583,1515.92838746804,1517.24825550325,1518.53097038837,1519.77756880966,1520.98905904887,1522.16642173135,1523.31061055607,1524.42255300819,1525.5031510543,1526.55328182075,1527.57379825531,1528.56552977258
T295,2932.99505947038,2932.99505947038,2932.99505947038,2932.99505947038,2932.99505947038,2932.99505947038,2932.99505947038,2932.99505947038,2932.99505947038,2932.99505947038,2932.99505947038,2932.99505947038,2932.99505947038
T296,3081.46977396942,2741.53611866369,2947.75829703021,3050.38204383653,2954.42211540539,2910.06733257943,2939.93766237836,2947.94179492236,2930.23879528119,2923.15655739019,2926.09530773327,2925.20288716252,2921.30214123253
T297,5048.24965378998,4985.40901148085,5084.72538413155,5187.43388229421,5292.03678478623,5397.00874574405,5500.81903760064,5601.9538725403,5698.93847693381,5790.3585968588,5874.88112110658,5951.27352094546,6018.42182316509
T298,3540.27419320488,3448.04406628794,3535.78763117057,3629.61426278028,3728.15575754902,3829.97515858695,3933.5877097496,4037.48250672588,4140.14452942517,4240.07673438177,4335.82188501968,4425.9838014433,4509.24771988422
T299,3196.46925910491,2928.78370815242,3150.93557218712,3129.7846249456,3231.37486569097,3270.96365241027,3339.80144953002,3390.8717836822,3446.48576441823,3494.27969721448,3539.34542553638,3578.12516895145,3611.50686215271
T300,1869.59966985873,1861.91659310801,1855.5296368864,1850.21727258876,1845.79670496382,1842.11683862042,1839.05259875464,1836.5003232938,1834.37400874963,1832.60224063043,1831.12567585789,1829.89497249351,1828.86908349153
T301,2552.18983073784,2565.26208875426,2575.84864018296,2584.41449116198,2591.34035290406,2596.93696286447,2601.45732318535,2605.10702389674,2608.05286551697,2610.4300072716,2612.34785865735,2613.8949132582,2615.14270056989
T302,3009.64592072194,2870.35909347806,2909.05325702662,2949.42576387679,2990.88789196772,3032.83503010727,3074.65549456462,3115.73944879652,3155.48779623725,3193.32091647564,3228.68711742585,3261.07068024027,3289.99937965164
T303,5480.00920477372,5293.09570872387,5397.92712565822,5510.3556364547,5628.74178025897,5751.35922051195,5876.41991882435,6002.1002086026,6126.56738821436,6248.00644590522,6364.6465267571,6474.7867557406,6576.82104030293
T304,3123.48707232458,2804.99961482319,2856.01836390749,2910.56399373923,2967.84110620939,3027.01447204133,3087.22121031442,3147.58337121086,3207.22073850103,3265.26366507819,3320.86575437155,3373.21620271422,3421.55162268641
T305,3187.9714597708,3187.9714597708,3187.9714597708,3187.9714597708,3187.9714597708,3187.9714597708,3187.9714597708,3187.9714597708,3187.9714597708,3187.9714597708,3187.9714597708,3187.9714597708,3187.9714597708
T306,2475.06700163454,2348.99729901494,2394.06871164273,2443.47849357191,2496.50613892081,2552.37838521238,2610.28048928236,2669.36810806921,2728.7796110373,2787.6486446903,2845.11676595603,2900.34596021949,2952.53086146302
T307,3388.08348842587,2939.06472915101,2980.81373053132,3179.33753917598,3293.84672195196,3330.44070919245,3362.85441493811,3417.03926656332,3480.18760273363,3538.81098349691,3590.78912040208,3638.63877379037,3683.30897622903
T308,2188.5777675613,2091.07777074198,2129.30829295246,2170.10185514624,2212.86359532744,2256.96995103315,2301.77775227833,2346.63360042245,2390.88339619297,2433.88187792572,2475.00203093288,2513.64423078908,2549.24498720576
T309,6282.09670929038,6226.70808779679,6182.32849971934,6146.71595734984,6118.10361844437,6095.09278461783,6076.57207905815,6061.65573866749,6049.63606032317,6039.9464621326,6032.13259599019,6025.82962792152,6020.74428431716
T310,4403.15193152899,4413.89567954453,4423.75322135107,4432.79636799,4441.09132074388,4448.69907491754,4455.67580040346,4462.07319929666,4467.93884106421,4473.3164759546,4478.24632746213,4482.76536475228,4486.90755601214
T311,4863.62333034115,4527.81233849382,4627.57375930713,4727.47405330366,4826.05644924105,4921.88339379832,5013.55751434034,5099.74199575746,5179.18007424006,5250.7133637249,5313.29874777236,5366.02359055299,5408.11904513307
T312,4246.8622206147,4277.45061215767,4352.42916753313,4438.57912907018,4524.10136322786,4604.28881666186,4676.83669489484,4740.31444585115,4793.67412825208,4836.09750390113,4866.95277336966,4885.78567487979,4892.32016377717
T313,2027.02511562328,2027.02511562328,2027.02511562328,2027.02511562328,2027.02511562328,2027.02511562328,2027.02511562328,2027.02511562328,2027.02511562328,2027.02511562328,2027.02511562328,2027.02511562328,2027.02511562328
T314,8315.7103707033,8534.24923235857,8740.30269991186,8930.86604981425,9103.16043931287,9254.67342823565,9383.19561602657,9486.85285978086,9564.1336034688,9613.91091982635,9635.45894349226,9628.46345575955,9593.02646659183
T315,5134.18138198924,5134.18138198924,5134.18138198924,5134.18138198924,5134.18138198924,5134.18138198924,5134.18138198924,5134.18138198924,5134.18138198924,5134.18138198924,5134.18138198924,5134.18138198924,5134.18138198924
T316,2866.17216085692,2804.07204788018,2755.33182183526,2716.93119086587,2686.58425088087,2662.54323639887,2643.46051841703,2628.28974815132,2616.2138567895,2606.59183749852,2598.91889931518,2592.79629789532,2587.90827355435
T317,3762.44948000736,3717.83912662983,3673.58869080061,3629.69664282714,3586.16145363281,3542.98159475912,3500.15553836783,3457.68175724312,3415.55872479379,3373.78491505546,3332.35880269279,3291.27886300172,3250.54357191172
T318,3602.52710023747,3670.15274061071,3726.53377390854,3773.41952788991,3812.32738591159,3844.55938652801,3871.22339561304,3893.25580665042,3911.44389807582,3926.44677610733,3938.81436017322,3949.00420589776,3957.3961673565
T319,2055.89123572731,2107.22945857987,2160.11902965607,2213.78869991267,2267.45584470376,2320.3378762104,2371.66365533327,2420.68473663715,2466.68628237079,2508.99748641091,2547.00135612608,2580.1437095186,2607.94125644592
T320,2003.6609477705,1914.84067179163,1846.59945976523,1793.74408715874,1752.54012659717,1720.25254796677,1694.84692627912,1674.79007495798,1658.91386826197,1646.32021565182,1636.31345445516,1628.35140439993,1622.00937957739
T321,5960.07308581648,5960.07308581648,5960.07308581648,5960.07308581648,5960.07308581648,5960.07308581648,5960.07308581648,5960.07308581648,5960.07308581648,5960.07308581648,5960.07308581648,5960.07308581648,5960.07308581648
T322,2226.98482032801,2220.26990827661,2214.53851998608,2209.64514438108,2205.46618709662,2201.89656648913,2198.84686521226,2196.24093984251,2194.01390982641,2192.11046180429,2190.48341708064,2189.09251935851,2187.90340736245
T323,4557.93962044244,4696.86926773905,4831.62633519251,4964.18990155189,5093.83624228085,5219.04563246247,5338.10593506613,5449.31584476299,5551.06436001483,5641.87103592149,5720.41271163667,5785.54438081066,5836.31637152574
T324,2432.19543926793,2369.39668798161,2417.33779849201,2466.06456076548,2514.86642888496,2563.03176172105,2609.8582002621,2654.66290959023,2696.79253615202,2735.63273512453,2770.61712894625,2801.23556637724,2827.04156165306
T325,4031.61285291846,4110.28526777616,4184.17948452377,4252.21795908583,4313.40853729392,4366.85892272858,4411.78968841039,4447.54564260044,4473.60538297123,4489.58889982675,4495.26311749948,4490.54529311854,4475.50422318701
T326,3580.02618277044,3432.66558125119,3522.18971103379,3611.04028580239,3697.92166410278,3781.56691979953,3860.75631671186,3934.3350951138,4001.23031073127,4060.46648068566,4111.17980823079,4152.63077885459,4184.21494406591
T327,8700.86525357411,8793.19078528813,9002.08709169027,9215.07230895942,9429.04063302684,9640.87192391292,9847.47720439402,10045.8437042461,10233.078793219,10406.4521620987,10563.4356367641,10701.7400446585,10819.3485960806
T328,2417.33318988893,2463.17607554298,2509.70789319879,2556.25010417441,2602.12401822988,2646.66069039921,2689.21067571433,2729.1534995751,2765.90670566625,2798.93434948194,2827.75481360357,2851.94783076622,2871.16061230171
T329,9907.47809701026,10291.6877523175,10668.4500923969,11032.2710739352,11377.8453677679,11700.1337225256,11994.4364482656,12256.4619485347,12482.3893015089,12668.9239776377,12813.3458813037,12913.5490159416,12968.0721942106
T330,3502.91583944043,3444.03823756704,3516.03997511577,3589.16268223831,3662.34006520682,3734.50503299651,3804.60525787563,3871.61852071351,3934.56761723722,3992.53460787045,4044.67420335945,4090.22609099386,4128.52602167805
T331,5713.86616156603,5818.13394602428,5924.23456151551,6030.62082214809,6135.741376681,6238.06333071826,6336.09459976105,6428.40566715952,6513.65042968459,6590.58582674416,6658.08996700566,6715.178488098,6761.0189108315
T332,3359.44752566949,3363.94940447706,3470.78762647535,3575.11358355585,3675.40596834273,3770.20229202703,3858.12021074668,3937.87768327285,4008.31166605793,4068.39507302937,4117.2517528175,4154.16926501534,4178.60926916405
T333,2661.28337245063,2591.52108346244,2650.94402633946,2709.53399574596,2766.43661799488,2820.82212472028,2871.89745276861,2918.9178088453,2961.19753027813,2998.12008352297,3029.14705461116,3053.82600043758,3071.79704639994
T334,3770.67698971648,3616.05224206599,3707.93347199953,3803.45774310252,3901.23209640035,3999.83076165326,4097.81594829701,4193.75881166691,4286.26028877052,4373.97149977647,4455.61341771985,4529.99551959547,4596.03314686406
T335,3970.84649469795,3935.58791393889,3907.59822016178,3885.3445242925,3867.62945197414,3853.51339882588,3842.2562762344,3833.27337608062,3826.10161452971,3820.37350637144,3815.7969641503,3812.13953043866,3809.21601331571
T336,1732.72811996438,1614.4660424208,1652.98351422188,1691.61740680311,1729.80435101469,1766.98749522051,1802.62462544891,1836.19607209333,1867.21228786537,1895.22098649664,1919.813738091,1940.63192495216,1957.37197103721
T337,1587.45624090464,1587.45624090464,1587.45624090464,1587.45624090464,1587.45624090464,1587.45624090464,1587.45624090464,1587.45624090464,1587.45624090464,1587.45624090464,1587.45624090464,1587.45624090464,1587.45624090464
T338,2010.50209437967,2010.50209437967,2010.50209437967,2010.50209437967,2010.50209437967,2010.50209437967,2010.50209437967,2010.50209437967,2010.50209437967,2010.50209437967,2010.50209437967,2010.50209437967,2010.50209437967
T339,3825.29903504621,3825.29903504621,3825.29903504621,3825.29903504621,3825.29903504621,3825.29903504621,3825.29903504621,3825.29903504621,3825.29903504621,3825.29903504621,3825.29903504621,3825.29903504621,3825.29903504621
T340,6115.36191325761,6061.69867441687,6014.99391242224,5974.3131705665,5938.85483450575,5907.92960457981,5880.94349300463,5857.38366900542,5836.80661868204,5818.82819706433,5803.1152355113,5789.37843434192,5777.36632284266
T341,5103.63952897639,4996.16746142275,4911.55359721367,4844.71273703531,4791.76938350495,4749.74323809817,4716.32519131137,4689.715063456,4668.50228540975,4651.57697228789,4638.06286606356,4627.26625311027,4618.63671165832
T342,1310.63950400288,1298.12009431234,1288.03524827412,1279.90247735888,1273.3379772674,1268.03542322343,1263.74965290124,1260.28400722125,1257.48043900059,1255.21173699097,1253.37538108812,1251.88866521898,1250.6848121411
T343,3675.05450911916,3561.57461425929,3645.72005979322,3731.51164165984,3817.69832540972,3903.02331511826,3986.24238030038,4066.14199959271,4141.55705662768,4211.38783005382,4274.61602994936,4330.31964678231,4377.68639638564
T344,3344.85388725482,3401.77393765559,3458.68583595345,3514.75967851677,3569.17778245368,3621.14660926989,3669.90833644681,3714.75190820035,3755.02340427542,3790.13557557573,3819.576407578,3842.91658665665,3859.81576044322
T345,3114.76262503642,3091.79111162328,3072.21635151477,3055.52016157071,3041.26757680478,3029.09241386881,3018.68560589367,3009.78571331037,3002.17115743065,2995.6538286838,2990.0737998218,2985.29493340236,2981.20121762283
T346,5661.17618504936,5403.91295951864,5572.73467323664,5694.0008586348,5820.93596454343,5951.68899128543,6084.35326530072,6216.99424274023,6347.67771947143,6474.49803613001,6595.6058669246,6709.23518697114,6813.72902491241
T347,3590.5344727308,3426.93064868602,3768.66511117362,3869.55500929189,3785.65145191853,3872.73623702954,4027.16760029258,4087.70202331556,4134.63343280636,4229.40591853529,4316.89222016074,4374.87433606722,4433.09503688119
T348,4228.52211393356,4228.52211393356,4228.52211393356,4228.52211393356,4228.52211393356,4228.52211393356,4228.52211393356,4228.52211393356,4228.52211393356,4228.52211393356,4228.52211393356,4228.52211393356,4228.52211393356
T349,3344.06993972005,3369.43102364128,3391.50879922345,3410.71018216858,3427.39628950452,3441.88637589947,3454.4617785751,3465.36974361225,3474.82705177264,3483.02339533317,3490.12448149795,3496.27485489984,3501.60044327855
T350,5428.22097152513,5222.09161032081,5162.16008273235,5131.24211534058,5114.01490854821,5103.34897543195,5095.89536694965,5090.07160485739,5085.12572075194,5080.69747614175,5076.61178645536,5072.78126153859,5069.16017401864
T351,1542.70812181489,1468.88848246952,1533.51380615095,1533.51380615095,1533.51380615095,1533.51380615095,1533.51380615095,1533.51380615095,1533.51380615095,1533.51380615095,1533.51380615095,1533.51380615095,1533.51380615095
T352,1267.35375997226,1253.54918080154,1240.53104496129,1228.24844971361,1216.65434786074,1205.70520568141,1195.36069564314,1185.58341994265,1176.33866141631,1167.59415878954,1159.31990360081,1151.48795645694,1144.07228055467
T353,1875.25722361216,1726.00689654316,1755.04278516615,1783.25010941831,1810.21754299467,1835.55183998833,1858.88356930123,1879.87250178154,1898.21257153071,1913.63633903357,1925.91889102863,1934.88112024989,1940.39233721414
T354,3296.19977527435,3196.41175883465,3266.69802026108,3340.45676235154,3416.61241655615,3494.05446194899,3571.65361912394,3648.27831763131,3722.81119682307,3794.16539948716,3861.30042067309,3923.23728059704,3979.07280037168
T355,2683.69856753302,2704.52559121485,2824.1823194749,2900.88835473547,2983.69796126899,3056.04416767117,3124.00444898807,3185.92463177068,3242.8141573015,3294.78136840522,3342.2402255897,3385.49279198252,3424.86579384172
T356,4253.19413765262,4259.9711802542,4265.61348179084,4270.31032537615,4274.21964184684,4277.47313416417,4280.18058568992,4282.43347554202,4284.30800782887,4285.86764659212,4287.16523491728,4288.24476491318,4289.14285503869
T357,3517.7858061469,3400.07203333241,3497.61123880111,3563.56682963134,3632.36010691447,3702.98790975873,3774.42032575869,3845.61570943728,3915.53587178243,3983.16121938064,4047.50562238493,4107.6307945085,4162.6599753517
T358,5716.08711883434,5352.52657499167,5518.41875731367,5619.00290884495,5726.73732020845,5830.82503787798,5930.89963860827,6025.358111855,6112.8409740188,6192.07028983248,6261.89099678579,6321.28491688889,6369.38595739379
T359,3691.9989718458,3635.05181046883,3586.02406350634,3543.73697571749,3507.20535209131,3475.60167521988,3448.2277619455,3424.49219006886,3403.89217986723,3385.9989439735,3370.44575948199,3356.91819330063,3345.14604341721
