34.471595812763
11.430704326748
40.5958155308652
43.5579742607054
117.864555284666
30.9105982499063
17.4112924550117
6.75365441321308
28.5901285708701
1.0871215512536
6.73544635903574
10.44530199957
23.5782587479669
25.489555122662
48.0517773992062
65.0568633750678
176.880024774536
80.4555713600512
17.5964871228516
27.9632896416832
6.92672230962446
5.57908026353425
13.4445673309885
7.51118994358821
97.1754963631845
46.7480556017354
94.8057939479363
153.622537599123
184.975781563236
77.5468333754475
29.7508274261714
38.5440420240485
77.5949189400572
128.034579270509
30.405131222185
35.9778555540885
185.665700486707
22.9723772814443
202.349273223453
87.7361616694883
8.48543844992381
253.823377977488
33.0308069376921
4.76288642793929
231.696119254917
295.59459553041
39.9356261940609
188.912787531717
0.0378305391557966
0.0158950350351367
917458.868745649
595934.093643411
103.616307114482
30957927.5081795
11318000.6254559
14.8332288652805
3556.3677108783
189.82374773982
5430.38410434085
17204.4214872659
1004.0650795521
148.648544091478
198.437441065571
91.6362654743283
1846.89392077977
8728.59592003646
22664.0512836967
4071.64990306142
2249.93180542972
17667672.3355712
860073.290799924
5299224.54684031
