28.32037570999
9.17670751864374
34.4447130932247
35.4259701301772
102.351498076014
21.0280335828679
15.5161311305714
4.65559053142349
24.2112705554623
0.94117461840276
5.76904068570835
8.19662809897632
19.2963609124765
22.963736195525
40.6514947294126
48.6009473361616
151.376502054808
70.1776077479748
12.3267606048209
24.6390016453766
5.62626114228217
4.66431678555375
11.8023903481197
6.80465219633692
88.0785663864092
43.6846504541138
69.7442069588003
120.825781710485
157.41989419399
64.4912703478615
23.2697340746028
27.0166705852932
53.7885973124873
106.6105891058
22.0191883455563
31.4190512767615
182.832381096593
18.458471270184
169.25558796969
76.9278160439911
7.15306201493289
230.132477952308
29.3113419328201
3.95054232154309
195.143626818886
268.014480903994
29.749746042425
139.325830572913
0.0331521502576652
0.0125973074616098
792577.842103323
503265.242503303
76.3814838218753
27814891.605
9779488.61564179
13.3646396681548
3344.288560881
157.2358083148
4428.09897145723
15788.9511799376
865.858771080958
128.119646485389
165.163449808378
78.3539766530075
1543.27644882777
8291.31566714364
21015.4877418498
3647.72239721712
1873.6070151084
17066970.6560268
718829.014991197
4861333.92416863
