0.316822941492287
0.350462980341005
0.483884343711689
0.716438666992789
7.14303877538319
0.36238703752059
0.461708715056884
0.195627600515379
0.443301523669487
0.640376927848059
0.191770914212838
0.3062851944822
0.397780716623892
0.468718608444223
0.400275545614797
0.616678048226012
8.33611865889392
1.39946046647882
0.153670451878731
0.359911807440447
0.369778145237684
0.260306523097045
0.792861023349261
0.763316098143219
0.751614240694198
0.756262130541477
0.537780547327884
0.757716798667731
2.77941290065428
0.988286554589855
0.726954423354868
0.500705878393641
0.527375110827146
0.568902518024556
0.665810816957607
0.672822931901946
1.13292364973977
0.812101900746497
0.894619701246003
0.807337638857336
2.21016135402257
2.11650365358094
0.844016533968166
0.492764054616195
0.971162346841503
1.7597215950439
0.650698566286159
0.978114463170178
0.395549420978379
0.195855445772266
0.538210002539242
0.379225126183238
0.0530058874544589
0.130773003272756
1.61303951069481
0.201476979921932
0.190494636458506
0.0997356065293851
0.378946346626563
1.06113171940443
1.01933928868514
0.915653303076631
0.343911399913333
0.401896088635561
0.513854533460966
0.536654735737452
0.438519267416465
0.149573606698705
0.0819558478145963
1.71513973649035
0.110123719542673
0.682093602893862
