0.0170361908950141
0.0124255911022739
0.0467995962249214
0.0344839611818588
0.173716325682648
0.0277629851463055
0.0293280020878249
0.00945370491446078
0.0522465011125835
0.0816165907086285
0.0111659245387449
0.0172107226262784
0.0183088251491047
0.0154945660055225
0.0330174348993458
0.0244226168968985
0.163282820125663
0.0934341500732253
0.00886323483479597
0.017543425167484
0.0350807523513001
0.0312404556226889
0.0441085581938771
0.0372576466050347
0.0736680872866074
0.0484347325511777
0.0793157447099093
0.0648041992170241
0.188859173433331
0.152700324880235
0.0700753487488094
0.0359305123502845
0.0735333484888231
0.102555142362079
0.0535962179195003
0.0608808674866771
0.0893746558567724
0.0489314947738721
0.122092712803739
0.0698940702291609
0.143435747108226
0.243459801198202
0.0631520248667508
0.0319155664904222
0.1446831170375
0.227167685669194
0.0531823011562122
0.0632274653898952
0.0352605853089656
0.0140364459950489
0.179782494677157
0.211045472538855
0.00748096631221861
0.0184224934997129
0.00657356912860694
0.0865270411386769
0.542142680924337
0.472211625955679
0.129457854432184
0.227840545746749
0.270753485571635
0.472573449397919
0.507115201428454
0.342751597588895
0.145838528816368
0.202401104399385
0.721307572864978
0.189877152278159
0.0879314803445101
0.167823339965936
0.134733002156327
0.267892510518775
