0.0170356783171863
0.0124247496875786
0.0467964081649272
0.0344822795933811
0.173701547173532
0.0277611371271532
0.029325230394374
0.00945274508601447
0.052240862767736
0.0812618992563229
0.0111648438881214
0.0172089150699659
0.0183079524923655
0.0154940413814202
0.0330160598942854
0.0244219971863893
0.163273942212376
0.0934278055879386
0.00886291239104203
0.0175427974117257
0.0350692061464149
0.031229832374477
0.0441002438279695
0.0372473618212293
0.0736650002721291
0.048432045000593
0.0793111937003351
0.0648024521492016
0.188847822536198
0.152682185522515
0.0700647912415999
0.0359281209829537
0.0735282868488089
0.10255017250327
0.0535896916978409
0.0608749566429631
0.0893724409746024
0.0489249729788988
0.122088160160893
0.0698908633467662
0.143290664216686
0.243446656030172
0.0631451919885102
0.0319026403268652
0.144677609095492
0.227157923379142
0.0531775389779359
0.0632260127791427
0.0334794096277504
0.0132956535730921
0.179782492633924
0.211045468042555
0.00748092967717136
0.0184224934991028
0.00657356912838601
0.0864970424296617
0.542138197011832
0.472138381821404
0.129457664139182
0.227840381147224
0.270749231502995
0.472485248359997
0.50703612275676
0.342676060628264
0.145837839023757
0.202400856908862
0.721306324769713
0.189876655344466
0.0879312738851117
0.16782333988312
0.134733000857823
0.267892509778536
