521140.500276068
131.494649533006
166.477384890622
2069.34219152
4.91670800073726
743.271925599765
40181.5748568325
130.169011468914
704.220904682424
934.14332627004
1121.42185329562
4.40433594899054
3.63383789413121
718.312359208411
3453.32298172253
30.3244350916526
10.6581530153531
1093.82448463695
2399.10649311681
3224.65576472894
876.485021533183
909.381618229073
4.51975761708379
14.0698675166123
328.56173510505
1597.56605140405
1436.84573340095
543.891846920164
85.1183773336563
9.65029252283612
316.586881389411
433.9141193015
449.015044943777
82.6920482901869
112.379365692414
44.6107667488802
464.154849413946
204.766303782119
133.076159684278
165.864558548999
53.9888126502239
1834.67703050759
1813.3604321722
3647.95494869692
458.696020560635
7.94034133785005
5717.3359450617
6126.21504530998
2.48185994488755
3575.35883166994
69.7807869070855
70.899278894438
3.46459330920825
4799.0577890103
1188.63054730439
35.3267510876689
156.248536459943
1479.58554897447
19.0348530936634
2.67314090718758
11396.3591065908
332.262533916818
381.616090342797
590.883392223985
4210.88102124506
288.929673143964
4612.47755892001
86.3809690585116
739.156001670999
1797.51828213304
2766.51962784291
338.473074130769
3193.03759271039
2146.8437684527
13.6772266866732
335.859159667931
754.471099369039
117.359877980812
2394.47957993248
1402.82777605334
1149.47959595448
33024.9789277599
358.094223307338
923.801417905213
852.232901529601
174.22138077052
20448.2338464408
365.785252567824
5638.90633068949
469.497390524455
10489.8556107611
1374.93947371062
144.031894563956
178.73975448616
120.222301869714
193.537384640872
26.9247443792347
223.999832893763
146.73093791061
164.975024180686
0.752969300699925
1276.00019677817
97.907835627952
1232.87940370051
28.4915968702279
21.4050980683142
5.28319406390609
13.5203598085241
578.884612573814
160129.158597693
32422.0229303211
321.468455416282
4763.7326581853
1637.39281001303
3942.79755964446
329.941300620679
284.952118270827
75.4276557358967
111.55417340695
2642.83475379865
1589.43339480465
8068.08037872446
635.705260276039
8068.08037872446
512.86872520482
665.730558197326
440.935596828553
749.317312994873
849.236940087033
1518.38960042969
244.390004020309
11.1009557041897
2797.28121262163
1582.78689624436
4120.5708928999
2347.8921655302
5762.30065705121
287.676748004963
1333.69872221902
20564.5065715224
578.737061213633
365.514700968093
2385.78032974114
272.542638995303
2299.77341740938
1042.27995788055
132.824159161363
184.994183785697
3.54184335396658
49.5777383170013
1.72106140579868
9.21318664028112
23.6474537170432
9.31546811865853
34.6117231984073
13.068071630932
57.2084261245265
11.1919609906438
26.3388541224852
13.9598407724136
9.87614317835204
10.7686245939395
26.3672588952086
466.02278302492
606.901547627772
5108.34737872733
2006.60195716363
1901.89949453095
287.267645087816
210292.494668811
1635.49698246773
9.06895211570377
4683.83357441454
45.5051744675047
519.382792299359
5.6563485860772
1.42799971242215
1.25304281860642
3.30416469789881
62831.0654041048
5904.44022876899
204.993334581171
358.246403972762
5.59075392302361
113.672105940104
4.36352749594657
4076.43961814296
539.888082369694
1266.81039680903
2520.70851126364
1828.75507487813
6873.87950773084
513.128838406568
4903.36112872711
253.016319796498
177.799733544611
3863.37254281636
6869.07276142361
69.5022422509433
268.626153295411
537.839266570123
23.02873042375
19.5513129805641
46.1628583187208
1799.34377458351
307.764485563317
0.723648515842835
2.1118292910509
2.88428489010561
23.4407942116487
52.0170280840372
23.7240592492087
9.84090362919147
115.444422167346
0.133616458691527
20.7623285755383
1.65963529149465
0.6392937266649
93.9901717792233
7.62675777636178
4.74690647942214
5.9604659563172
5.78484734042176
7.70716731335224
39.4144406230938
341.774027752204
567.285334288732
612.356526292736
11.2205169797939
7.53988926725304
5282.74552131674
153.461407230302
216.565461614259
75.3412229985671
304.96435804464
4646.34248875207
1352.1090836341
3836.25291675379
145.84782816388
273.86289054353
492.667208406891
11.245366674879
44.0376591335044
2.45601264564775
6.8111090996567
11.5960036170953
8.39689051087868
3676.48696874204
1354.42973842354
1749.65008737358
228.091358487401
559.403095549253
151.486809052507
515.604911921862
185.891539802546
30282.0314034809
45502.1266046788
31.1129000823657
953.905566133362
129.937201224847
91.7249582024282
17.4337647261485
70.46126162812
118.700098063224
1.602483718625
8.89039283010582
0.346395155765114
0.339707843075571
0.42859591744121
1.35708416199148
3.68601370203243
0.360514727000994
1.9699127082107
0.68757191991458
0.574652465368375
1.17582869900737
0.234056874664822
0.166836893666097
0.449674852406472
0.326561518291541
6.96980654251055
0.165134328578043
0.213606485263019
0.134549232406338
0.0639354614235429
0.131227181876746
0.422790553517542
0.356624674733624
48.5509974871421
69.7080647855764
17.0402932735129
2.79173748226689
11.7988773531158
4.24437592722595
17.1919602753961
11.3396273286842
9.18521001920174
18.2961698699589
8.7467364784429
18.3810545197407
5.36135250122089
103.115587861331
20.020679474684
35.337346385783
49.4650128513289
81.5089420673847
18.7761682733091
52.7285694475529
44.6049565460635
56.247307863084
46.0238211484916
79.6605138963613
43.386668495078
53.6788966339487
24.5817407233039
110.547833045654
42.2403083903222
76.6180327756663
2.23953536101413
0.0463169744146187
3.86356790959399
3.95294389390777
2.75874408039307
2.51237185213562
0.305315312834149
5.72520086673591
2.31437472720071
4.65860417278345
0.222046111614393
2.10257780640504
2.11882708104275
1.20229433155285
1.26953595426195
99.6800700580179
115.985737975715
275.024406237994
1135.44566580043
98.4939607845842
155.406444229488
652.870635734317
1.76867278876527
2.49147434770795
2.68362701376549
1.18836474021363
2.2120634928217
1.45715712785229
7.46309321344519
13.9673985521594
10.9706616365735
4.9629461925393
12.4051305316479
0.622559488976964
189.130429697021
616.371424661303
253.637977169162
143.263797698539
1279.65098412348
161.164447966278
233.549839393679
276.727245202536
62.4668314373275
128.150879381313
20.9455940634078
28.5671358947408
210.051232190333
2087.81140336772
3216.19878880639
2034.4329729932
1985.91704370253
1643.44251186831
161.112322674863
3.80744882794782
20.3308942379325
49.5198393833077
154.325559883346
3150.4629780174
126.43097969185
2278.99355533536
6426.28224001526
4856.90444840933
0.347699207922413
78.9318693005203
295.69060936718
35.3710501184267
105.562357724172
277.519811305779
12.3883778294719
5.34032597998553
367.93217008313
1269.96207202799
0.0134517612346742
10.409975414521
7.60128288665326
17.4981368842462
4.70039122104357
5.27865462566568
23.2024312033485
17.3832502762714
16.0217972700251
13.3080710738579
13.5217150178758
12.9664392058778
7.53279734087397
5.6286514569803
3.80568163344759
5.32076854917916
6.19731325898968
6.44331501354916
8.49882657820235
20.0400755937091
8.47855021675079
0.342806444857174
14.2228275821952
5.77384673965774
23.1187259404445
18.5211942501162
18.9278916294702
18.2502949199552
31.4569910734706
1142.64969419002
19544.0624629003
336.443590748054
6.93747643150529
16.0750487319496
15.8003422674537
23.736266945429
27.7911685097892
30.988826640897
13.9242615410332
2.94854608362999
1.53300015807646
20.4567633335523
10.1588248638035
18.2389367032794
27.439340286151
20.6555989063795
11.2075045663661
14.9991238060006
15.9001408967701
13.108445852637
10.7495657680478
4.76778105641233
199.170959282022
1579.57721145199
8284.36560391025
150.33598079646
192.905091912036
29.3933390592272
54.6624915355788
53.9426931716023
84.0409506979509
390.561512729668
9.99345217075798
20.5650948541915
22045.3562580352
44.1829620363781
2.01632280771619
1.27184600633314
1.62760809602091
8.85384980586348
17.7271894710514
7.06815223207684
5.05130775366773
13.554791056497
4.99656818593624
6.96678819175107
142.570398994688
59.3188690722918
7.99201620198897
131.731641064954
5.60856441528556
33.328680590318
4.48712250007982
5.41524931558071
0.575391173108068
7.70354003854419
794.506730730389
15.1224999392149
76.748123073186
13.3196263216073
13.8405531865511
6.12291993096911
21.3985363187076
22.795862493513
11.9126075442688
0.398816029930681
253.706834765184
947.556731768859
3.50489715196381
0.538448066024765
16.5379596556894
16.1576350852838
4.24582614113616
3.68660444690293
9.9342331510331
10.3903924146534
6.76041186992773
14.1048903299471
3.25161958896179
16.7154456201732
15.2641232190517
17.498074159916
22.7503117036372
19.8025964072363
14.6422264497528
17.4813449338793
41.2880830819021
29.3095012854727
18.6005286912603
24.835899617857
8.29669164393714
12.1155619823321
539.57081227788
14.3505559285779
75.5688874415297
112.630613650375
0.607711384951996
61.4311086586068
9.80898663364216
20.9759805597463
7.69235082341127
8.1647863369223
5.53997979291655
3.29796328456315
5.13609778266462
8.31824096096835
10.4001361809118
115.585673061822
1.61448472569941
3.58335590363384
139.403298886284
20.4679108022242
16.4768837107961
416.75547379514
818.821539601295
33.3672422436135
483.363244259081
300.193417404256
1.9333098579466
17.2508440637499
2478.33061737934
200.296479284055
0.31597095761472
104.290586670208
53.6497130690758
1.52509373013137
3758.63037482848
2.31443047671633
0.572464915251161
0.661508860434274
0.843719191615932
17.0215206009806
20.526270662644
15.477551559115
17.8067864616641
12.1580850297957
0.399323544637917
0.0281266327777484
0.0739907036268226
0.155601467579716
0.047893310592159
0.0112522227860696
10.3563027816384
47.0414959940209
77.657236516254
70.6936737578861
639.076997584325
22.7855999437835
16376.8569743867
717.305200077235
2796.61943404901
100.2943497552
2164.46403995363
485.890185309325
729.204643894911
354.856985970944
0.547694085560086
0.780829362872693
0.35609898878608
1.02496127199825
0.586606086442425
0.554656236799758
0.744004867752149
0.286337991317041
1.80924542965666
0.906670882159966
3.46206918547484
1.12893804253255
0.981064131523946
16.4655254829934
13.952196338189
7.6554790361639
32.6161215141988
101.778206166652
124.246958652712
86.6362317306993
119.824474055442
38.2210202801528
30.9279600832913
4639.60893694186
38.8536590863553
2516.12278262459
7.34788826748727
114.377559450015
800.108598774336
477.178874243662
934.691280430582
542.546542287275
1251.913982275
5156.94219227911
238.888839093751
2496.85782868836
812.144952821504
7.39500640230822
1.78627732124791
1.36832825302443
6.41929417330239
