0.597869746752128
0.639200294396928
0.198647311608779
0.286081055854076
0.0960645048610051
0.208464404121223
0.293456925563316
0.156542693342491
0.101562443277861
0.132326154342175
0.251223048695501
0.116684340934201
0.146505390233368
0.412587742057845
0.362833381092331
0.266233687935477
0.268209955211071
0.281675362462502
0.288256001319829
0.403822715698884
0.0955313036159889
0.295442050075341
0.102224431831117
0.01690157728251
0.246438633950166
0.348091218491359
0.289492794487874
0.261582146843386
0.422905054775568
0.183350714718155
0.278839062209855
0.191098087979242
0.145067864153349
0.23021367020693
0.156095226694397
0.176909153743636
0.393008846298913
0.201418361962572
0.241634242155995
0.338256695293019
0.205746824293023
0.0654415137042227
0.0639957620756049
0.206168523347002
0.0210299196046156
0.0445189404518594
0.579826864766661
0.490604858541634
0.216724729390175
0.06447880572291
0.0279609480189437
0.014325971960564
0.0486084447740323
0.0843548448490715
0.0829776466375094
0.0696198170760873
0.174443919236011
0.122138156202836
0.19363101398438
0.0635697141101438
0.0936828006634206
0.063191995271848
0.331109210965406
0.212890320288147
0.451822035815391
0.0272515948092832
0.1570759179164
0.139183947477058
0.0870669947616737
0.100100572495547
0.0356755733713744
0.236824810577041
0.0974320066611469
0.102587252331812
0.0565702028003381
0.169125355461533
0.0949375499842922
0.375073196826619
0.115839652425321
0.0959577517547783
0.136243526889413
0.121521173818386
0.129810366994496
0.0308553486514082
0.101663228886701
0.0934199714421126
0.228098210940056
0.103415434091042
0.457345204825528
0.117592327113337
0.072026619432038
0.143173960660343
0.067300210351368
0.221160377532994
0.174542145655125
0.0648995719630147
0.15957732008677
0.278599682279457
0.156506035382869
0.178898405958703
0.0450735906275841
0.0848019797582528
0.168567836434189
0.0992696733726171
0.0551961434287962
0.0581255282181854
0.170885673376099
0.140751024346338
0.137169882188817
0.787080594166759
0.0562799366441355
0.327358334505186
0.166828800580295
0.0351454577452401
0.363650899272371
0.25355223698064
0.214633190932649
0.0705899209014983
0.0787088713962499
0.0695243566850172
0.205453712396119
0.0642920312730195
0.0438676818637871
0.0642920312730195
0.0503248334497636
0.103647842732554
0.134645815453356
0.346611626030116
0.0378469966145206
0.105067549078182
0.137543794116422
0.0822410592968194
0.266312020284602
0.355094980218797
0.378401353942217
0.144357381434171
0.108058248412979
0.127522988693934
0.170349930684016
0.376597563881983
0.179758054069574
0.125587862956638
0.0946749710835552
0.119280381314368
0.12305892421426
0.421459323463399
0.110993195912886
0.197606498890615
0.0544387903204591
0.11522601754341
0.22014939694861
0.0198699396519883
0.0771408841358946
0.174079041650226
0.132071886417755
0.0740769257198859
0.190023890471842
0.097819932311396
0.0485551343474761
0.0664742238870328
0.0309047883396257
0.0434389168625903
0.0516495685364626
0.0923266159375681
0.217888040719697
0.412090052327166
0.276594063424972
0.167845315905143
0.18209197708987
0.765654701461079
0.351842034015507
0.162621590673401
0.285604993392876
0.080133405919588
0.251589922704255
0.0530583764474968
0.226912249805833
0.127586497562138
0.0787424384915575
0.167705367188895
0.109235203182694
0.375092854774548
0.0514180733678508
0.163257310347408
0.145222427236146
0.0560030298587567
0.0704791393504211
0.0857085228446387
0.112803797588987
0.179963344424219
0.104414829052977
0.165183332041684
0.114167140761988
0.196872236822972
0.184225179281725
0.0111273071760367
0.3198358787514
0.370377667404331
0.151163023010815
0.110686093649325
0.200795093096071
0.0198863114751995
0.161388413646627
0.232721719252211
0.248916465804475
0.174984192468877
0.141774387853372
0.0470299341594924
0.0852306937683905
0.238328856825484
0.174053260530104
0.153393258406897
0.0789255289640231
1.17359246913992
0.127683804027114
0.224437608698563
0.108785201610572
0.183677381462579
0.170568721542609
0.0646396212020628
0.041862486472383
0.0384019898882557
0.0491119793503104
0.0639846846876456
0.0267035349881178
0.0420170531181011
0.13894231231809
0.127499434523435
0.0893584855412949
0.0596329397669395
0.0662783963864047
0.0514824395890506
0.0600087589764241
0.0465734416527171
0.0492390059476627
0.456703873177829
0.0869741900941457
0.211841164492751
0.193874846634233
0.180902638540963
0.11737365316428
0.0673102653568592
0.0637618275670818
0.017286984194499
0.038946090239916
0.0770068227306918
0.052380376413992
0.139893139919507
0.112547315876799
0.156116640442267
0.554272759719275
0.199063763909128
0.0973787953205533
0.158590914450905
0.181760113071353
0.560558619562211
0.215591609724323
0.173072478602624
0.140132487850303
0.0549545368769676
0.0317716380622668
0.0601206103180996
0.0361834464179776
0.0735466484533613
0.0735461793071509
0.116151683720416
0.0420883618797017
0.121480965867632
0.250011704672375
0.124818391120349
0.081374275062186
0.14005747430271
0.0739336410203671
0.101843451324296
0.192581256842281
0.109776512302383
0.124492892826089
0.0834559996651808
0.0365283308267952
0.0517831185758262
0.0791278160531385
0.0690070341547404
0.0978864478907359
0.154416454430216
0.0578783040235382
0.116434931450723
0.0347671705032752
0.0824117295529344
0.0225946981444011
0.0847811571033639
0.17395299651601
0.110632780852813
0.0507022003963806
0.245836456155219
0.0949165537721064
0.134444193267568
0.0787262687869253
0.196536153540228
0.153585558210233
0.0267268995761249
0.149233308198902
0.215908356147964
0.0433827717339992
0.0730550546786575
0.106166007165449
0.103188922099214
0.200257234274316
0.0507490971135086
0.180108349052875
0.0754966312429861
0.101303279157886
0.0722564379354911
0.0284333551756656
0.300083279609188
0.0251040745854236
0.0480256778975787
0.0986275374744519
0.130119563474545
0.0986601945227479
0.00646869382829987
0.126676773219124
0.139038574510909
0.139588075129062
0.164561599075558
0.0879476884091055
0.101439380598156
0.187794361955278
0.069299221907586
0.241049835506242
0.159505952137285
0.120863278357214
0.146066915696739
0.094767067587037
0.188766937733062
0.188720723704545
0.123250337521089
0.166165709963329
0.275918574831453
0.271029901486503
0.252775352640903
0.0679000838879072
0.0987112379824909
0.147385656259899
0.167900030509429
0.145072211926073
0.149612325173759
0.197566215548427
0.198225910357222
0.0945719808250921
0.0994302874610979
0.2280183285974
0.0811617397416024
0.0198865026380563
0.209925706247815
0.053517034449174
0.0405460558499727
0.0397489949746965
0.0217176940125028
0.104852862361379
0.089408941087445
0.136081748827733
0.104846372092223
0.0423145286115202
0.0314395658151755
0.489375063608478
0.122381759917467
0.103503711085681
0.101212479945273
0.0549923771622084
0.104030098838191
0.143124087637199
0.0409994398027824
0.0483240055651241
0.126508263297042
0.124238347508681
0.101166141385285
0.121594516084612
0.0462121298060302
0.136699606854285
0.0709179695456605
0.0567745066589415
0.0942666112386314
0.117110773489407
0.087183929693986
0.1117677170606
0.0804075420540299
0.099509907143592
0.00854411827470946
0.0307861298254648
0.135264714451441
0.00604781090737588
0.0756276250916867
0.0513560446463875
0.118651070515102
0.0306204385726437
0.0272899799333853
0.147021090457683
0.107473673988079
0.0752151721472169
0.0988714412555378
0.0829825141592752
0.0724202457246767
0.0470222011841129
0.0325757912744568
0.0220306360423044
0.0311054164341354
0.0319832039617484
0.0494253817244494
0.0510426638571701
0.133438967514743
0.018400699946879
0.0917109233980304
0.0113611523126313
0.0597521172113677
0.176658424735727
0.158885724246346
0.162171148315715
0.128288595526979
0.198698991111593
1.40810827476378
0.0926971177137695
0.598798549476116
0.0499917144613681
0.114731649698753
0.126465227715478
0.157203951509448
0.199904080892663
0.172394859353759
0.117318230615265
0.0167612562185084
0.00999130961565826
0.130571087418514
0.0597601023670227
0.10297214438739
0.188869410546029
0.121464975026252
0.0863589998907013
0.119083829658556
0.063640884119033
0.101936053838969
0.0887877289290789
0.0340750899454629
0.0363842625634746
0.078267130410271
0.0439638935012256
0.010529393960565
0.0588637316128534
0.0732070581613283
0.271492808871506
0.213576480315035
0.257585445267985
0.279178574014995
0.234889285743409
0.403012382996953
0.120950128490439
0.0252394166750485
0.266246459737319
0.191753435724072
0.0614270200709278
0.0950218431425823
0.202943561606321
0.060222873434619
0.0332066383319664
0.0786917494536944
0.0245102532495965
0.0350043066910516
0.0694158006408551
0.0331683400643552
0.0490741846351957
0.0547798072320235
0.0503924372846164
0.148036469136533
0.0293823394310179
0.0439408863658102
0.148077384055791
0.0501692870325729
0.541729385030425
0.0500814341145935
0.334303764649882
0.0672438896094613
0.0420665064889191
0.0415814626679557
0.122113740355439
0.134608912790771
0.0229969121709342
0.513913691601701
0.0611592247413375
0.299476671218468
0.0182221695019956
0.151205533634402
0.105216221443878
0.0866587409655789
0.0250099555190166
0.0276288175464338
0.059142384783461
0.0715734269510943
0.0717362024088877
0.151568499072942
0.039202320656158
0.186882378194874
0.144471110399774
0.187008860220054
0.275512195034623
0.186934212468561
0.160305560078254
0.158348559771747
0.523607097184128
0.229484840526613
0.226177117166411
0.263912199523311
0.0781194666007695
0.0879601923582016
0.0881378992574336
0.0758977769531413
0.109380716038284
0.0927132719354076
0.103222453060129
0.152884048787948
0.0464639331967826
0.0962337663178029
0.0372605047254001
0.0438239427788468
0.0392640789218514
0.0201681543800782
0.0283197608487238
0.0346013763235666
0.0584700986503199
0.0367658108210685
0.509663147816262
0.0580965908667825
0.90439622345583
0.0345954427746494
0.131638792789512
0.0809179305276845
0.00831946188477936
0.239986032228525
0.00423388527683904
0.11028268284714
0.211132126301045
0.0115244447811225
0.0555613557132971
0.296549175218662
0.0949769782183244
0.319968881723767
1.13448307509631
0.00851838359093283
0.119463910157828
0.115646678915507
0.0472360509085223
0.0828198786277917
0.0559789489237862
0.0929708867919865
0.30069408778204
0.292146268290406
0.242303433045702
0.207994244975931
0.250307714993244
0.471423997012535
0.508321135198953
0.507879170151846
0.692974686447506
0.494120365205459
0.435729179309701
0.632214017799127
0.444097050554437
0.244312606056873
0.110125903356741
0.7442919007099
0.076041147084048
0.00589555001525506
0.0261489452572054
0.0249696625630327
0.0190790258844166
0.0578715057884124
0.00628722855111979
0.14139876799682
0.0654974895636826
0.115823725360709
0.0403585100462766
0.040998728389939
0.0783089158038959
0.0321668784918003
0.157025129334265
0.0529212435534263
0.165133018642426
0.101129971180523
0.207730626670342
0.134797772338001
0.125452712985582
0.0205463301329366
0.0698669235674957
0.0108631196711011
0.0400454289507155
0.403710076849454
0.16344710705888
0.115090094798079
0.181346995936949
0.137172198894048
0.235371752084607
0.139231908425921
0.182277885779765
0.146886329896613
0.360522515410975
0.151376937876361
0.172912414630677
0.0887752117902366
0.116691438138298
0.130624899452555
0.114541584352475
0.0997933147195982
0.112330163271148
0.288906432872029
0.0811733439797261
0.2123347460404
0.0487301146205604
0.0222767933323001
0.128255655543647
