1.27717751531738
5.85518615962982
1.77997840196639
2.19572458094092
1.22420242482535
0.636457158795338
1.47469134257497
0.32311951776442
0.51283368251285
0.65284134441889
2.42753303995969
0.737005059010771
0.772686844184851
2.80893811628252
1.2230444862313
1.47357289279424
1.47850689046926
0.797764811066323
1.02015331486325
2.92464481070996
1.13966281294718
1.04421308167327
1.02280807195917
0.296453988908522
1.02450039520414
2.04494146216101
1.67655520188843
1.17818038770148
1.89131672502848
1.13131328550998
1.1021770412623
0.85422923503205
1.11741019531765
1.51093940865924
2.22848191567576
1.1588587286539
4.21746147555223
2.16090287408503
1.67933442488114
1.37477501162005
1.13388289679411
0.846461383458225
0.842603823372096
3.03306756262384
0.362529631709429
0.62559343177685
2.36237725694433
2.58783799764575
2.55700339019271
0.305947169877299
0.449982073054171
0.25716029198193
0.664921206715651
0.819384492301479
0.482328158792365
0.509986359900554
1.20559043781005
1.33790428070852
0.663493607248929
0.775607562222425
0.610606973627048
0.861498685506342
2.69140631773383
2.65016363581449
2.26125797594034
0.597334864687449
0.733027666834825
1.25713991126048
1.18282084791403
1.21168825340822
0.434164115904975
1.60016407581386
0.768467423337475
0.444043309935135
0.563371267042155
1.93560170335354
1.30829378407221
1.15024679318745
0.824641590789854
0.536000343594917
0.862316007653647
1.34316834594323
1.471143772831
0.677690859846447
0.70048491373428
0.901577057092075
3.16585469561223
0.928290132285995
2.50241015631301
1.0059719024067
0.674721298776339
0.944391253361496
0.564151347009657
1.72830173998133
1.09819619172714
0.472639049218475
0.630125747863948
0.920807311589801
0.610609566128991
0.752401027648115
0.775592562676039
0.449778144715295
1.05367577658322
0.68825787689674
0.522345355898018
0.549839885131134
0.642559485589256
1.16397659701634
1.60650515297724
4.40645583070682
0.430735961411199
2.2111936726409
2.03744185674197
0.425808456969333
3.1801706215514
1.17216037316054
1.16102100408767
0.606503990176142
0.811032723970988
0.93794435021302
1.51419037110496
0.732585134754243
0.47580590664966
0.732585134754243
0.470428371721933
1.08853950717529
1.20788060357631
1.62898335990955
0.34250615891953
0.680173834616921
0.236428311978069
0.339755717612843
0.971873069311595
0.915173423366662
0.913318756711648
1.58010054445278
0.618495932045466
0.90961632619914
2.44036793048988
3.1311880990067
1.21582334467097
1.48644507342493
0.452447124803599
1.51121261018287
1.24053944413148
1.6123109775884
0.572948027491055
0.526436604988105
0.246752817253169
0.755977675688984
0.5635929057477
0.412930340041092
1.00846552096664
1.25400083967538
1.07967189527901
0.666225221785184
1.99128253313717
1.00489253878002
0.378481994803981
0.959441282029122
1.1717807472175
0.742596513540537
0.620307545014618
1.09294259992953
2.4468014497995
2.29003648776465
0.991789354723169
0.983034627738067
0.763330633417251
2.8269735769544
1.2063489359974
0.610765419692353
1.87607962492314
1.14851340761875
0.906137419077044
0.312306152516365
0.375807097393376
0.603903111302584
0.422770594765262
0.903101250595843
0.546699421366782
0.966995200266128
0.708751105647009
1.11257556959252
0.782917203449433
1.236778226375
0.645980602400961
0.485714739138286
0.594147719723175
1.17082332528852
0.39248519062197
0.516710863488824
1.09557584694718
0.709986445605412
1.75062443944706
0.372558975307088
0.842294876829949
0.807279580066061
1.51356853052011
0.94622608157143
1.88114510879262
0.77477022802955
1.75253403728959
0.979675160299694
3.33538846236509
1.59171624916349
1.00083185806656
0.711287802307592
0.340069970587898
3.15297810072312
2.48718974235402
1.86558756038991
1.11005532120699
8.91224832866212
0.519642644285941
2.5223560058701
1.27888405647243
0.926294820717131
1.04139686069755
0.573938443217165
0.478787210532183
0.356620582962335
0.531633136652989
1.72469797852412
0.939902790074198
0.523326706097488
1.8173546287277
0.377583204977557
1.70169014364476
2.45061845820048
1.54308419815059
0.894751306923831
1.26008263817354
0.469001111071148
0.829714810003578
3.41440685114666
0.425106048663668
1.09795371976479
0.809979646790132
1.96756468900592
1.48511946332116
0.930698225890035
0.980027205847635
0.269684105611362
0.434472347074771
0.934569252163725
0.609884812636778
1.01918078561148
0.718210749270021
1.05726407968426
0.499810422577115
0.80090707676196
0.273724921575899
0.415178357137951
0.490213465086636
0.967614729136121
0.933072213451822
0.801331217239099
1.04455071084166
0.430453366970731
0.748809791151331
0.698415726891426
0.232335524708987
0.80810944648405
0.558228972566953
0.876025219669734
0.291168117724738
0.51569646403981
0.903775926884364
0.756730751821282
0.669303593759231
0.909671036955503
1.04130781735469
0.874444971415992
1.28855368036648
1.25926916002776
0.504594669888559
0.590943198889217
0.763596366261152
0.879066012494325
1.06715235835013
0.634460062250701
0.397322179750047
0.808295408354584
0.48657318527385
0.5298978002639
0.701855707054538
1.73613029469345
0.456317762728423
0.638133292059074
0.697478140197584
0.663356091630834
0.902072939952921
2.93984195528518
0.290323480874607
1.00984900181917
1.61606273909841
1.60849432248811
1.24682234315228
0.36865476735261
0.854321980720518
0.93032246122413
0.704413465768054
0.54300453621096
2.27854885118475
0.926742330682056
0.901946013705359
0.963408337234952
1.68192246776939
0.710983198752302
0.745879620747455
0.328190038749757
0.719526981340849
3.79983080379872
0.236193197720072
0.402951097444515
0.589204202993867
1.93844877592304
1.82236490282111
0.500411349171203
0.918526029189567
1.10152340553323
0.84932096436588
1.0584572374081
1.18524224310285
1.15444665873729
1.18091937032411
0.71423981288467
0.890053774664188
1.91615563181311
0.433158879493206
0.85499927952989
0.506525227405163
0.569660963219209
1.03426685037266
0.780377749915603
1.33851141825632
0.614849225739122
0.558968772635825
1.79719768223735
0.327153199065215
0.478676607088052
1.18041119808517
1.28993190196587
1.15118233292434
0.72007054399037
1.41418096919005
2.05237008265545
0.647797845813142
0.760109733307638
2.14243062296897
0.609066232279997
0.374087109616783
3.13676995137162
0.65709108175194
0.695892438296788
0.721366088697478
0.507064730578527
1.0318028622149
1.56978111385821
1.21021959195593
1.33807237507622
0.515954377368888
0.409262543523931
2.88693335041762
1.07328244191217
1.40083252062907
1.31890753282704
0.649191799919129
0.434704253345568
1.10046596303522
0.410777483784773
0.493734241529079
1.06824073130858
1.08994679240182
0.998299515191465
0.903545393114067
0.521927606702914
0.863537583586416
0.703767730329323
1.48089870630987
1.30699577658346
1.40665117544691
1.13773169603962
1.11784521641417
0.488096526089886
1.93547897344982
0.224155446526258
0.669458143444715
2.51860832614567
0.305140991957992
1.30494129751246
0.869288700303787
1.1972124308583
0.661653939941467
0.613654885202171
1.55745138662534
1.19631835968578
1.12075301499668
2.49060629111408
1.76835445186438
1.83022190203039
0.802000183331895
0.473163730710185
0.520192307239855
0.662469672416779
0.531051634193572
0.67877966705548
0.936775678240018
2.39466111248971
0.153369827400819
1.11702652518088
0.313873738569451
1.44821705368991
3.4786944586183
3.01114317004969
2.7282613340432
1.85696919469246
1.42798948494033
0.835728802779804
1.90131626967899
0.271749484824727
0.835556313629829
0.856423657989746
0.67424228880556
1.72279901182555
1.53949085273626
1.56214825745055
1.74863060058102
0.390932170543198
0.269984923281352
1.35291080713176
0.580247024534042
1.05689496356951
1.50470850014207
1.3492654134344
1.04380144616952
2.80493921080529
1.59196755823225
1.68637968723853
2.13869515028234
0.87960477186896
0.93570555168849
1.19537250302625
0.767564230832388
0.204432373603516
1.20821106821041
1.61707679689842
5.67132902041256
3.51337822142455
1.70431713571187
1.13914753541039
1.14032025507602
2.33054200121316
2.07327783103622
0.386675639826618
4.741310013891
1.46482203050704
0.178489639620714
0.796576972199251
0.895213013026865
0.481092481703054
0.535082941251853
0.843270295629108
0.135343437678782
0.363731478310724
0.965835408968479
0.524191387304431
0.856139342053938
0.816131983740228
0.294825869927599
0.412747389790424
0.581803885581057
0.22976640694506
2.0008604427742
1.54749454533363
4.44813439161862
0.482673633025456
1.39771505062211
1.34633530817963
0.427177980386125
0.721073430418674
1.593510849162
1.63969941341192
0.683166987575417
0.526570160388997
0.477143350420342
1.67032788220971
0.396571788906699
0.866095158901351
1.3566513419611
0.910204228918896
0.591888418833871
0.666427710104005
1.30366976943882
0.791705612201
0.559542494313502
1.43283298546942
0.23467376426379
0.878639275221473
1.02784436199712
0.641470740429257
1.13955824793695
1.16802016803851
0.709219191791755
0.890629828187508
5.8748795343096
2.1776066788075
1.13850992120653
1.92905244836611
0.360231614107132
0.509879794468812
0.874016005083809
1.39882418508793
1.01549406737768
0.910247492470634
0.883983542463754
0.770685736002557
0.868417183733704
1.45976287556999
0.656477017782422
0.717636127252725
0.777568965694609
0.464949536583016
0.595051047681067
0.782795145874837
1.27064481453858
0.325300161099192
1.08738704732847
0.526532723481283
3.9684561979346
0.277518271364307
2.21011480916704
0.77734490669847
0.407034275040247
2.4663044402319
0.229081831228818
0.867046629046259
2.49289098322476
0.732845040089113
1.21954547772829
0.954811077381108
1.18090519757664
4.05963700561719
5.28862519528721
0.134316137148366
1.8267403427907
1.38361963223208
0.778421041783791
1.24486107340317
0.575870767723271
0.491568947063093
2.52291446641622
2.26100232369717
2.13435162749466
1.95099303019303
0.090153592187565
0.0921519712606702
0.0714985296960614
0.135295655323083
0.0494639881502027
0.0104137830274544
0.0297166199348729
0.0704036791985456
0.0431268293564231
0.0867561433859776
0.326166192559272
3.3671352354641
1.69353776035144
0.291277770242233
1.2810614989639
0.629139899997511
0.86751795426242
0.314639753225788
0.303249711329881
0.430937795891011
0.339138488652982
0.468389680486537
0.234549911692083
0.306781240849101
0.380673708343959
0.222604094329002
0.548041146216375
0.32996632996633
0.583401330840533
0.443952533431343
0.810034942976575
0.353196599332177
0.27145755097258
0.673068784578516
0.311085744808459
0.243319632664851
1.73494879372038
0.927918771010267
1.13001250670276
0.660059756651641
1.15165274643457
0.469939897719656
1.23050408741796
1.28208060167696
0.972641497488801
2.21848157303124
0.975507977925474
0.898322526354932
0.696499060647502
1.28612913326576
1.40559857926626
0.743646864611236
0.527461848959961
1.47254988305987
2.00676924523639
0.686728837357972
0.986219223243675
0.942710771868266
0.797674980837719
1.290641966083
0.689213435500294
