456519.652648023
120.186448524269
150.613557089463
1743.40531726709
4.26566533805812
560.506604512428
35923.6285742606
99.2192332548612
588.066383737485
696.788447587354
1023.97389513899
3.25312448090238
2.99436923273355
668.736893922724
2790.546732347
29.6037015770331
9.87911422268096
897.052846640947
1971.7396629955
2774.37454333926
765.702896211762
742.942171417152
3.72423901058846
11.4473590288533
264.181397363323
1252.90533843698
1076.1932030196
420.850398118033
78.3495465534944
7.46666768436585
275.00397745221
353.315911446393
358.449227655113
69.2365764320912
95.7801527357443
37.9696654035423
419.637416817447
189.033982672563
122.426772386433
136.830548215361
45.0885198960482
1605.12742815475
1574.70242037298
3216.97582053391
341.182745697389
6.53583998504684
5220.50375603113
4759.89669033641
2.1156835458113
2243.08825659529
53.6395297083277
54.2521532837384
2.89733259148505
4150.83638536142
965.485319107653
25.8934786066508
130.719725046218
1370.86132282331
17.2530454338296
2.25069824074545
9537.09939760341
235.000218121635
280.631441524375
560.992217721076
3802.49709675971
264.047199690391
3754.86863667541
75.998844684637
613.88529879262
1457.17888029892
2046.58989502065
249.005640366778
2750.53241417612
1694.15619775254
9.80322858634428
309.969279045472
635.515867217266
102.092479096274
2010.85774233883
1187.12996735535
962.775129612791
20889.040126012
333.710474344062
731.765749813194
659.207731830282
144.772821680528
15976.1335645365
297.154544706306
5298.74201247098
369.288649330479
8511.37303160895
1200.9036576287
106.778464043101
150.057741071807
106.200563540886
165.273282074442
23.4005789093112
195.312214274164
126.375826536497
99.8466873935076
0.661982615069234
1108.58131180901
80.8696158527622
988.051537108344
19.8068750026918
15.2588654004553
4.61414407078285
12.1652671691105
458.572668272215
148556.255486485
27080.1051707791
276.322306503711
4169.24137022574
1292.83231131339
3472.30177875477
281.19290094712
265.299541482441
60.5656188899551
89.8865842375506
2187.89365532357
1435.1735420023
6917.95897267459
497.846464131883
6917.95897267459
447.483095748394
600.499256732484
394.301583268528
707.574320504369
681.739481209384
1273.84924671315
209.2546105948
7.60046123845027
2368.23869811918
1166.18515620895
2897.75745532234
2191.03047265439
5118.71678800339
229.251035842601
1224.28626509826
18440.8246836025
462.235829002398
316.924288532509
1877.70759935429
255.296632979564
1864.84183830875
934.602930008744
103.703592975881
164.476343285117
3.03414575289082
35.7714891087378
1.45997400346071
6.66041344769983
21.5326064013803
8.31207489907493
30.7332203897488
11.6485778777907
53.4637234785851
9.29905224441729
21.1356120893937
11.0423163194601
9.17452245926984
8.73607040673834
21.4815259760984
398.518098865734
512.345394488321
4098.52919185213
1598.64046614441
1544.62046535088
226.480198934898
184195.986564187
1384.57387880258
7.03834436026426
3821.12393685846
38.3275331456773
464.6488385891
4.22256289152274
1.17222906148472
0.987559205541873
2.14307388258214
58996.7542881042
4725.81383256509
162.816283803638
321.255414008421
4.51463817000303
90.3101610380641
3.73893517560993
2990.43924496516
442.636319459472
1061.13189346402
2091.87097137458
1587.3577090939
5735.07512831449
417.061653125451
3902.51842773477
199.231160965457
127.726256299406
3285.89918067613
6222.25366507956
58.844254100251
220.283267750883
464.797909238852
16.9381120209869
16.5857125082876
32.2330315022113
1580.33881907298
230.999037854631
0.644001939603894
1.65411850236637
2.17764103972952
20.1569336825176
44.8326859786252
20.5100078020761
8.28938679775005
91.8456702759346
0.109413645657984
18.1889894201077
1.37906330756277
0.525
71.089799587895
6.80899698544
3.6707019474134
4.08132444945783
4.7256278813599
7.09042502282139
29.9724556390328
289.021710295285
499.671558754077
545.314055366476
10.3046792031822
7.07956443480139
5009.2799416963
119.349385578392
190.279992618469
65.9534318410672
244.44111566314
4235.68624669019
1185.44783658237
3259.27439717321
108.955015364307
235.939594758573
411.639224845595
9.491958531296
36.3675313126503
2.06757814302044
5.47917904366517
9.81297714771911
6.60708547023176
2233.94236398181
949.387260578976
1494.02691942902
150.873006629092
482.257814686527
130.866405411267
433.107506718567
153.741541861225
27567.6373732737
36077.4916073547
27.3985159814263
836.685119384172
107.637707027606
75.6713894502372
14.6540317969583
56.401599877965
103.773450806989
1.3141552623996
7.30832150854102
0.279521393015749
0.248003117706418
0.350628170817791
1.18834755100824
3.03964858524239
0.330513810093833
1.65645076871792
0.561789646730463
0.460833652596519
1.00998050594078
0.186139367114446
0.138189794201786
0.373030965592022
0.265477935773286
5.86736176285471
0.124626083656388
0.146567737418906
0.108342673004451
0.052019096898368
0.102480234956698
0.312134374446436
0.311860441824565
39.6996453573728
60.34573697736
13.80490067117
2.1610100369666
9.96790598647978
3.91162304606
14.1935923983141
9.8763232377915
8.02943764629823
15.7304787352958
7.7815315910991
14.213689363484
4.3694686032124
83.9616021254777
17.8581858266012
27.5293054490349
41.5938735743544
65.3696581031102
17.0385801498158
39.0001967628816
38.0726085885979
47.0283068556523
38.7586173835677
68.8781384961535
35.7764804611145
49.5843375979335
20.1365437110803
94.393126172275
36.8989132124909
60.9893420424676
1.95957826020999
0.0383042141820139
3.07147900035272
2.90656694837401
2.48363469412993
2.11774463735534
0.246888195544442
4.18380020583124
2.03839804644278
3.80975516192683
0.18523194593483
1.72115861751684
1.66605739390257
1.03228076279568
0.971859441034548
77.561531146
82.4168721551862
240.193768276107
1039.7955402544
76.6383941166076
116.140021922558
498.542637052642
1.41619586749192
2.19303511734632
2.31638338636008
1.11579109520048
1.77634482025326
1.27585832683331
5.30579748810933
9.99671770668113
8.58572070830492
3.7640944242265
11.2279234500041
0.516786952181726
138.626984269286
590.677910842901
215.153936466475
104.181424307923
1087.20758111445
123.517212333888
184.811766512877
242.26955190545
48.9906200205238
105.497823925127
10.8418564165232
23.6663936226242
198.909707843774
1895.39615236993
2831.71427219086
1547.87485753537
1712.63039047512
1051.09027868845
143.753461171305
2.93822158684542
16.3501993060207
46.606452906384
130.729500571018
2515.08621932848
109.533568882224
1397.33068504538
5282.51126392665
3578.34152327759
0.303680397047179
72.1653521265128
270.872788350774
29.5178167805835
83.2103278261366
235.365282738712
11.3072718975226
4.26312892859105
260.730457112297
1035.3689526008
0.0117868187089656
9.20208604625167
6.48369468536928
14.3751006876629
3.85886029973006
4.12712991420283
19.7351339990953
13.7320257429646
13.5783538355367
11.6960824847416
11.6329984039314
10.9275013562403
6.54561765790072
4.40663595671505
3.04465497472739
4.39048527993866
5.25324606765995
5.49678436262575
6.98978775302167
17.1310371893494
6.41881129492317
0.231180685750671
11.2148317668271
5.0687596879147
21.4214342978075
15.9537760939475
16.106314717641
16.7127227522321
26.9441215958455
940.218117816245
17021.4593428788
264.321665572851
5.96527525337867
11.7115935230098
10.8504848334209
21.2396506743636
23.5047264123125
26.3835682481558
12.4152772641252
2.28974557032444
1.24193064709422
16.8787286213886
7.61524198405711
14.7127067859659
23.3281704022026
16.7215858478732
8.90110681509389
13.9016724044297
13.9422021545968
11.3904592909971
9.60536769249611
4.01223229273561
176.117842303333
1339.11080365331
6998.21419863767
130.390195763906
164.952605838832
21.5947923270514
44.0915982236969
43.2583152557537
67.9754929458429
361.309619169901
8.60451654928894
17.9901487812946
16746.9016801951
33.3981606556128
1.38791074952082
0.879530097447924
1.29412128310602
8.01887485347246
16.3823981383916
5.9703576979349
4.16361413661598
13.4386620748893
4.03036352142239
5.49638678336206
118.826162226916
53.7707302486889
6.57212847870817
99.1835782931994
4.90393696979573
25.0878630837832
3.74536251342805
4.78201334454406
0.4865250129272
6.70742166993044
758.478657874066
13.4681513731297
72.7531861349574
11.1919551263836
11.1824171317207
5.27081417202811
19.6992799006249
20.8929441386358
9.23463549726944
0.348812839578893
198.610919612467
895.574132844772
2.86227427993361
0.488660005443288
13.4459221892144
12.2270768084772
2.80818172046736
3.19885300849922
8.80812780120847
8.80112738896778
5.83416307404212
12.6853480313559
2.9021322180622
14.8490037512429
11.3240094364855
16.9027540103109
20.7817439148768
18.4352516522079
11.8628730147034
15.8116482164222
38.4608780179468
26.0732106342551
17.5558229850046
23.6694735414521
6.78075974954325
9.10985232784278
471.695512743668
12.3532525436337
57.6996112878492
94.4875582702949
0.507627549259811
50.5233902881471
7.76008688541528
18.5839043005257
6.53952106175567
6.30231727138611
4.80497745467694
2.59894869166917
4.33447710521367
5.98608052727817
9.43732424973522
98.1430586036261
1.31406542411771
3.06793066881761
112.256432757986
16.3088237471758
15.3946774874091
369.204282019253
670.204546869046
29.0980655448413
375.037501965739
231.303702478551
1.52204843920223
12.7515036975506
2234.78998692647
167.96299426141
0.253663067440236
90.904028635585
49.4864214701874
1.3565929851985
3231.68634043103
2.04960188187978
0.487233911338743
0.643178221258304
0.684646357182111
14.7634540434616
16.703375710653
12.6005659499644
14.5135910669637
9.72439959349212
0.327961177433544
0.0220939970120095
0.0622734754986915
0.123944019852073
0.0420567559247099
0.00880091663173888
8.13728029289801
38.1519254739826
60.5532240380782
50.5555555555556
489.257244111898
9.73102083049126
12512.5908398393
573.340571025894
2336.38443379219
81.0242314068223
1652.20859908217
397.142791375207
610.095097808388
298.691194671029
0.47963871966636
0.65128469858128
0.290395128761627
0.735544546512011
0.514815872236592
0.425597827967117
0.630247318148831
0.233333333333333
1.50989820624681
0.763175545565309
2.97205677887358
0.992314255266592
0.853798630558995
12.7509141967375
12.9273409509293
6.78591419987528
28.4338830081952
93.0556971437649
109.799548567951
74.9167823799613
109.316685205681
35.0381659035097
28.4656612222688
4111.20512937744
29.4710373739107
1550.71861954884
5.41948876625263
92.2876675408634
671.123278204578
411.346967789499
804.752039915912
447.799353640066
1082.17589344952
3967.4420649321
193.787016781661
1768.41832004176
649.030870816662
6.47328063349543
1.44306655624278
1.22636293483102
4.82449404850206
