0.597869701081391
0.639028916743016
0.19863343709966
0.286078693834083
0.0959560338772917
0.208458319485952
0.293456797068867
0.156529294051146
0.101561428189569
0.132324793152688
0.251219914745886
0.116471421912089
0.146142297772856
0.412574538127226
0.362830848328557
0.266113876472236
0.267845345966807
0.281670811232696
0.288253537604391
0.403818292126662
0.0955299452263077
0.295435736632517
0.102082052865432
0.0169003294183939
0.246426088841382
0.348085553087603
0.289488787575242
0.261573632611538
0.422789469643322
0.183099431230334
0.278816074575107
0.191092506586433
0.145064840027627
0.230175035689153
0.156082393423125
0.176867152249597
0.392990363766907
0.20140725938802
0.241608439409503
0.338208896113282
0.205697089334866
0.065441378731362
0.0639956305337597
0.206167853905329
0.0210298540633713
0.044503775942179
0.579823559033941
0.490602242518181
0.215618010385566
0.0644787124453858
0.0279602124110989
0.0143257827682082
0.0485672215889435
0.0843547560581542
0.0829772202999698
0.0696100565786915
0.174431698206999
0.122137601331196
0.19352221711453
0.0634791192573358
0.0936827519431055
0.063191141255017
0.331089275161497
0.212886271900341
0.451819255882565
0.027251453603089
0.157075586243866
0.13917107836196
0.087066368359546
0.100100165055329
0.0356755420686889
0.236813339258373
0.0974318240392318
0.10258688613102
0.0565537716181935
0.16912065545002
0.0949368337446719
0.374960599206384
0.115839281884474
0.0959572555274695
0.136242433654521
0.121521134026589
0.129807836595175
0.0308552833375763
0.101662344443672
0.0934169322162824
0.228098009908677
0.103413604434554
0.457343165850875
0.117590352580964
0.072026588675984
0.143173097232406
0.0672980651691811
0.221144004911732
0.174527460786642
0.064898276623445
0.159522184396143
0.278579776416342
0.156496328329963
0.178882179954791
0.0449206234038916
0.0848016421760721
0.168548716542232
0.0992691638251449
0.0551883669520224
0.0581143524965332
0.170555396757238
0.140668557517419
0.137167777703912
0.787080380704559
0.0562799307802494
0.327338501595619
0.166828465873678
0.035145409704541
0.363648989122154
0.253540705209693
0.21462444696376
0.070585793561109
0.0787054177601966
0.0695242458342012
0.205452236948537
0.0642920011881066
0.043867488326988
0.0642920011881066
0.0503245495765223
0.103646946940594
0.134643505566311
0.346603109172084
0.0378468911076082
0.10506711477114
0.137539238929922
0.0821955520050069
0.266310462980345
0.355089317893986
0.378398534740915
0.144356813545065
0.108058119038113
0.127519312067684
0.170348733004231
0.376597166573642
0.179754518138798
0.125585361449098
0.0946746948223717
0.119277589646031
0.123058501028796
0.421449583554052
0.110987089579173
0.197594611681224
0.0543894627551272
0.115207061408331
0.218422771594152
0.0198669631106606
0.077126887929836
0.173896621499077
0.132043479565934
0.07405331422824
0.189990014156206
0.0977684407617432
0.0485495206956837
0.0664542008250075
0.0308995763062439
0.0434281154859558
0.0516433429819729
0.0923255424157168
0.217883383245552
0.41208751012271
0.27659162461997
0.167844369358206
0.182084219953061
0.765654512734154
0.351837296841596
0.162430084748158
0.285603916196571
0.0801250257158042
0.251583022232508
0.0530250454739583
0.224706269876177
0.126760066196437
0.0785973599966008
0.167705343330673
0.109235073274969
0.375042155736833
0.0514176589834327
0.162958265669438
0.145210517181278
0.0559610751497723
0.0704790512986872
0.0857076907239657
0.112803147564197
0.179962563641362
0.104414447135968
0.165183045458294
0.114165565476919
0.196871731129778
0.184215443783237
0.0111272586951586
0.31983402587123
0.370376556735477
0.151143521900073
0.11068326007399
0.200790437172797
0.0198851439632793
0.161306908373459
0.232606596728749
0.248914485185762
0.174977495372311
0.139820899269044
0.0469619682501143
0.0850581274015192
0.238185043314278
0.174018940584289
0.153335761769054
0.0788878064246541
1.17281892938482
0.120573530474585
0.224299107594744
0.108343603295897
0.180470972919876
0.170548005791531
0.0646089160052365
0.0418351464824495
0.0383823573650988
0.0490855794961406
0.0639543162813229
0.026702344358876
0.0420167457134592
0.138940369873177
0.127497936456632
0.0893196847228111
0.0596077588410908
0.0662783524872132
0.0514813110478774
0.0600078019712433
0.0465717831316997
0.0492385029386112
0.456700705588031
0.0869738194756441
0.211840437050979
0.193852520288946
0.180895076530303
0.117371925810863
0.067285747115619
0.0637562152573339
0.0172797576469227
0.0389321298887837
0.0769764545024234
0.0523594182980689
0.139892693015333
0.112546638208097
0.156115787855843
0.554103229050254
0.199059560627912
0.0973751617884092
0.158587993933883
0.181749219508096
0.560558022201217
0.215591543768521
0.173017729965338
0.140131284618308
0.0549531242650694
0.0317709701191863
0.0601082501228227
0.0361822828914803
0.0735440352284427
0.0733403761448366
0.116059098402772
0.0417736486730181
0.118194910339059
0.241247709586593
0.124163546933013
0.0812615231514298
0.137120885202733
0.0737685989131954
0.100927705042724
0.188342977284034
0.109182265836367
0.119313010929518
0.0809895839270992
0.0363438506264597
0.0512816366576565
0.0790744160297434
0.0671178870707958
0.0943892888909481
0.143892484307654
0.0548216705614177
0.109855407147061
0.0345744013549222
0.0813323584614169
0.0225940539126597
0.0847751818504981
0.173840442666423
0.110346139149986
0.0506893045660039
0.245065040105107
0.0948842756383379
0.134352250764321
0.0786873544972102
0.196411907156502
0.153433358723892
0.026724383688901
0.148974788571894
0.215880440932581
0.0433774036075872
0.0730438406976826
0.106152428179217
0.103179620973398
0.200139045670787
0.0507457588104421
0.180065551604432
0.0754905619489357
0.101290000794024
0.0722526246672304
0.0284322243216656
0.299990847758437
0.0251025055408896
0.0480244484279208
0.0986142912636014
0.130105653404383
0.0984121486819807
0.00641448247220646
0.126414983393618
0.138704318737003
0.139196487778032
0.163921078815506
0.0864030729885513
0.101315224422269
0.186927433965623
0.0692359987133963
0.225996728242421
0.158754655221913
0.120393859303152
0.145024328211398
0.094300572384907
0.188742828129728
0.188698797944717
0.123247149345199
0.166164373431505
0.275866700401098
0.270996412347492
0.25276871131947
0.0677372403389598
0.0984894982760869
0.146916570163643
0.166645012724934
0.144465728089406
0.148739244046592
0.197175125157345
0.19802280176699
0.0945152430292842
0.0992981958866036
0.227774075433222
0.0805036724060506
0.0198863592434661
0.209921966562896
0.0535163658761794
0.040545261002917
0.0397489217075601
0.0217175015344576
0.104849787318945
0.0894072558729914
0.136062589354368
0.104840992922471
0.042306131234461
0.0314374391027685
0.48931432800935
0.122381357828885
0.103503518816328
0.101212146865137
0.0549922882235322
0.104029571593438
0.143116849756432
0.0409702107305576
0.0483166781711446
0.126490955757546
0.12423230423897
0.101165930314473
0.121587706802111
0.0462120529155254
0.136699428831538
0.0709178982081043
0.0562483457429728
0.0942604455842576
0.117108237071122
0.0871708749962129
0.111760108417289
0.0804061557235877
0.0994647109439253
0.00854326214750978
0.0307859460707672
0.135263824278138
0.00589653344904378
0.0755965486042405
0.0513356936799226
0.118602078761069
0.0306082935838051
0.027280826187682
0.146966318947798
0.107431627538007
0.0751942224767253
0.0988296312343803
0.0829525803581984
0.0723960313668283
0.0470051588877045
0.0325637494766614
0.0220226475935026
0.0310941512317617
0.0319733557627128
0.0494005660362149
0.0510240126028018
0.133386868482696
0.0183980431326749
0.0897196189835516
0.0113605768522934
0.0597163568473059
0.176583486204156
0.158803728694481
0.162087048397878
0.12823649761974
0.198624539656834
1.40796057640483
0.0926970924344339
0.598722461916713
0.0499707652966531
0.114675305183306
0.126390986710662
0.157145754319671
0.199818845886531
0.172338532524001
0.117262786405833
0.0167551231091227
0.00998729196549413
0.130520597326706
0.0597366500381975
0.102936111668712
0.188792974083584
0.121420868496974
0.0863170972902806
0.119032496345948
0.0636263611252896
0.101890399797852
0.0887466880320246
0.0340605242035046
0.0363838859146914
0.0782669015660515
0.0439638796857792
0.0105293514003475
0.0588626808477196
0.0731946394298852
0.271409033364694
0.213523724662175
0.257534772247019
0.279167765069662
0.234562769426075
0.402559122543955
0.120950084794808
0.0252384602810008
0.263590689896136
0.189526836920571
0.0612809516130618
0.0949655533474249
0.20281780861817
0.060192501427379
0.0331931129615413
0.0786687161093901
0.0245028009579832
0.0349930386043657
0.0694137552937655
0.0331672964621279
0.0490555916448672
0.0547782717846992
0.0503663055886738
0.147990834050701
0.0293707802178767
0.0439207021745559
0.145848057571499
0.0501504631165192
0.54170912916412
0.0500720392115864
0.334226792848901
0.0672236668053972
0.0420584423466571
0.0415650118542524
0.122075805660594
0.134565400803043
0.0229940460141177
0.477589530037835
0.0611582637843648
0.299471586582955
0.0182163604951684
0.148886894363826
0.105174994632523
0.0866279986089034
0.0249987124144225
0.0276168669827171
0.0591223571802172
0.0715443131507014
0.0716921112811491
0.151477938962494
0.0391758543491005
0.186764714087496
0.144378894008772
0.1869054228673
0.275329354557212
0.186839398575918
0.160197258911876
0.158269277666937
0.523249064889782
0.229383693815122
0.226031375227372
0.263765006511838
0.078074332234941
0.0879177185006625
0.0881370651111778
0.075874457024949
0.109370307354653
0.0927087088118242
0.102180901352541
0.1528605686106
0.0464499738435494
0.0962086790775493
0.0372498459046731
0.0438085882553032
0.0392480316056808
0.0201602716050734
0.0283104928675892
0.0345913444519568
0.0584519843335693
0.0367651156140054
0.499762152967737
0.0580415865958682
0.903978289917448
0.0345917517687466
0.13158252178886
0.0809170436059198
0.00831945672073659
0.239887086723008
0.00423388288674843
0.110280036032684
0.209672934357298
0.0115239240303825
0.0555612866008441
0.296521687895221
0.0931623015318452
0.319912521020157
1.13310717734104
0.00851570865059664
0.119463669786491
0.115319716787671
0.0470072366901689
0.0822868563512843
0.0557504205655657
0.0929414876613718
0.300394653732753
0.291788240921578
0.242070371401248
0.20774520419278
0.241030834588771
0.0736466567066982
0.207578251662305
0.385769346650469
0.1401891864157
0.0293363887724629
0.434498803799224
0.631678254585098
0.44392916337888
0.244250201361817
0.110124652569349
0.735493001801569
0.0760411233869633
0.00589554698361069
0.0261489306215291
0.0249692713741176
0.0190790148670742
0.0578710826904485
0.00628722531116367
0.141395412220504
0.0650527710967492
0.114801633858108
0.0400797656966912
0.0408846226399248
0.0777168994479119
0.0320456756621964
0.155090924672406
0.0523268492765741
0.164234477503119
0.10046384139637
0.207004780410057
0.133886756563061
0.124534824300521
0.0205446746217914
0.0698480437336561
0.0108622501901042
0.040042607104149
0.403621852210644
0.163434862125351
0.115081216606283
0.181331880407302
0.137145140023905
0.235262953677646
0.13923162490243
0.182212314494553
0.146885520528513
0.359207262295005
0.151364434302787
0.172910181520464
0.0887742225824528
0.116690522400392
0.130622866770549
0.114540940600475
0.0997931833092896
0.112326786369147
0.288903774877246
0.0811728166187751
0.211922918548689
0.0486472143889588
0.0222565785753693
0.128070535466191
