0.733441003579324
0.363673485934176
0.174553480574668
0.0602534018461246
0.186222554344426
0.124701909223829
0.189276628906525
0.290112073033326
0.294565036121312
0.169499492648569
0.254402464661005
0.229618972810189
0.36639251900802
0.0862253716988398
0.181100272568841
0.215338813486726
0.0858945698205977
0.0724396535051749
0.238915498812757
0.125062638844825
0.0385856461827218
0.073053099357407
0.085859670171955
0.127997701719523
0.257044448769307
0.235442857520138
0.116808117387683
0.559418344809499
0.138374990057507
0.321351359607
0.20971767910713
0.0584737334246582
0.219963497076088
0.048879978816277
1.11479536834922
0.024027021732238
0.354896565322355
0.782629127150185
0.360577943402004
0.177358174476053
0.190793041891777
0.51568769531701
0.13033096572711
0.204599415286269
0.166807887586838
0.184288432722354
0.0556163401913622
0.079713658534961
0.169205802220361
0.087369054967581
0.22566120120419
0.321428769936981
0.0909082385251848
0.14740304378065
0.18481561907838
0.220393345619818
0.0548244000207629
0.0858911527174333
0.07461271776873
0.0730606410995539
0.218534236489067
0.039826400378446
0.0579081044013181
0.066811016329105
0.0772423309612914
0.047824064967578
0.0515234042489608
0.0632164102752138
0.0670844965967841
0.082992442060092
0.0860413931640937
0.0752765148410122
0.0410692639038044
0.0263094613012014
0.054800235358168
0.0266262550486413
0.0769466669224022
0.021816342699756
0.0219747423712718
0.0117545473727505
0.0187493097707158
0.0264917757532161
0.0365523925584787
0.0647904316689079
0.0363212151188306
0.164386081861888
0.261676476666628
0.0125878697323101
0.0367445019363248
0.0647782295724159
0.0648671899212927
0.203388370926292
0.0953261375906268
0.739912354550437
0.104224770051381
0.168523801707201
0.56621901968009
0.290756014833777
0.320529215333269
0.0335471239782356
0.403866143142583
0.0324863063415324
0.0357101104889278
0.0368207556470662
0.0587273376585501
0.0769759779396179
0.222518606138147
0.102240088902864
0.199904344370906
1.72398808765405
0.179170058085503
0.0424150025103256
0.101815463054352
0.144035455587778
0.0829872316976451
0.0334967216458526
0.0587329778472421
0.0281055548615226
0.0792233923612019
0.0964619273620863
0.0439548608597079
0.0421375767454785
0.0253833237242144
0.0326615689852342
0.0230728662088722
0.0622832935333383
0.083888299883041
0.0269574161985616
0.0312751344401276
0.269781493015926
0.0323743550608776
2.29650467590596e-05
0.0194872772299236
0.0209003311971052
0.943691767901252
0.098320798337945
0.0122334009979699
0.196628842573419
0.292815897285385
0.235378735898366
0.0674937837443545
0.104105981517265
0.0695894508182668
0.151418394128713
0.161179172017321
0.0397929744239142
0.0137340432781709
0.00530574322514975
0.00758372222284703
0.0231635517316157
0.0148547318153213
0.017876167026301
0.0674914409522463
0.126309166789114
0.066922264844875
0.0892270433239539
0.083888299883041
0.121439907279264
0.118460595010955
0.00440441587143803
0.143250438586
0.0747338664098217
0.0357142254265313
0.0465104650269973
0.508994926201184
0.0975957661340185
0.158859328740141
0.100215047113991
0.0172519607501514
0.00621436824404431
0.0147355861184905
0.00199529014854201
0.00434203260665532
0.238517478215353
0.529169389423265
0.336792744384593
0.257754873129211
0.636881169439049
0.00849374027574253
0.100466061854286
0.0622431629792908
0.196947432773659
0.0543344415991387
0.0735657299298642
0.717560322459598
0.216627028142398
0.00606943237727121
0.269969301352615
0.242698728701728
0.0194274309277617
0.468776329122256
0.123986614915556
0.0820606301714179
0.218208406242051
0.075752324314066
0.0199639481794921
0.54244126613771
0.0611153214928692
0.0652824838853716
0.759430485466208
0.561434663269426
0.0304623332844153
0.493472780575989
