2.39145142006777
62.5783114672758
50.9646206063054
2420.6113618454
135779.943852037
98.58540337041
7.18447305661971
44.8783797869416
950.345724284585
2539.22063468529
38.7698998850656
72.241761166639
239.950704802432
2594.17965261321
24471.3343437194
6553.39889084099
59697.0797993278
13076.6428594427
8439.1195320556
98766.8613935499
5720.32518882871
11764.3317767407
31.0664169749587
168.846654833697
318.216729822339
292.096820211946
34.5391461322627
7.11146079797951
11840.6898574357
338.115454040999
92.5980316773591
32.8235379479507
25852.4794894079
48.7888695889335
1491.52744347002
779.998775039065
131.079550657362
22883.844874942
3161.33235698467
34728.7441247467
3339.2048409206
6161.7316346659
321.543616914102
31.9418773372125
14.0599697496958
0.394048230554273
6.76717770224389
11.5786582941398
21.6334270572358
2.29899454217095
50.4470875169266
8.08695712497806
4.24217298280985
12.8287806098483
27.1428855288258
186.400073306495
7.48068900960738
454.081942433951
74.0977151428766
11765.3644210681
184.857674014562
5.5435987749421
6.41284394924629
1.17496177842293
9.81899107783017
9.41155705917716
5.20568179982814
14.3426812376529
2.1677564003397
7.95210740892491
9.01245805996484
14.8136440193729
6.55016504812969
4.40739809701975
9.01174512264772
4.0808788901051
114.030504869673
288.314884178747
345.756427823942
1211.33479924723
602.494405318227
278.920402308145
3759.21902011029
1484.27243726108
8.65495659563672
23.2095310766918
124.93301921429
590.894043926794
5.60160610191952
1.35369153722662
1.2921869144561
2.33902234870951
6.53723677012137
191.688562326104
6.75716990791323
13.3955571739282
401.943563086049
535.461486568912
208.404399859149
2.22836448525021
263.090288621162
7.31516309459025
764.577232283466
10.5321538383924
49.6176389508963
17.4854192972758
36.2740357679293
15.9387798841164
1403.30920268019
22943.4615064378
19.8768075915695
177.152111816713
56.0634576441907
49.9649407374092
1410.3305254402
5.88941521742383
50.2852227797712
14.1329960261815
18.5820023173024
12.9721935792302
18.1131319713342
0.916178107328204
24.3276967563738
6.66815671404151
1.31263066770343
1.48320243167959
11.9371042966847
35.964090168382
248.780526486853
65.5747017179009
6.35028631547353
0.36942493943759
861.097623413648
490.012464220608
1118.62410127486
58.7160275447521
2.13087655058492
22.319506764202
11.0308814692297
11.8044295501917
7.84632673580197
14.4691956085536
8.10966582994608
21.0141196510336
21.313765302486
13.1258285511124
2.35188340013042
0.917632623912204
1.42108013053862
3.82615682804131
2.3010299366805
3.00055287265766
0.17144140608749
0.734341217759245
9.73994065263762
14.4158927507942
11.9371042966847
105.67677812664
15.0278812345995
7.64714714102715
18.7583652447508
19.4344502251356
6.14374540603434
8.89008805291072
35.9241543249563
31.2810244107316
6.94139095595435
49.5168350732647
0.143455012521384
0.674424885946613
2.11769429479533
0.254817817944374
0.968207760630172
212.192030155227
146.0730214834
10.625769763239
23.5238316835862
192.833659195337
0.192448241473974
0.329047803540634
24.9047823631649
0.773362375249275
491.677600204394
0.0838186121198289
87.7723238281525
23.7203293002906
2.72596596693163
3.23050703927247
1.53472235526294
1.83230821952948
85.8148167193168
14.0771823778774
8.74047369033157
158.820617578188
10.3880819175469
0.8320432476281
1581.63609063946
11.0546525822925
103.795837027313
144.611398740034
31.9958499762036
26.0647501598552
1.60013546965223
