0.772715027294577
8.1171065809996
1.95573123631625
1.19855197509002
2.22456863140587
0.754776416204952
1.03796825296892
2.69258896169969
1.12720083619232
2.09980079495379
2.40269321387115
1.1199703643474
3.48612365176334
1.4520852814227
2.36487962941371
0.903942954615369
0.8426312166599
0.754712878654719
0.771913969309066
0.756832863633486
0.761427735708811
1.27560515482351
1.80001987298468
0.737207325698839
1.62573880344206
1.36076022220816
0.938865217000466
1.22844175491679
0.5807458698242
0.79778100969538
1.75631384495368
0.387724343955632
0.736242557499057
1.84329494472031
2.7066158433267
0.680049584622189
2.59169158476406
2.81630447099722
1.17233807847832
0.71056996619209
0.461897893330489
0.464999998304011
2.89247621085724
3.8505670592586
1.57568635687233
2.21182768510931
0.947467496232095
1.3386971887138
3.63718491468788
1.20015349328482
3.21542786230377
2.47867641924369
0.977676446002608
1.70237412518676
3.56154251025609
2.56391134652231
1.38128371941964
0.842591226698573
1.39201267768174
1.27574082631541
8.27645873448261
1.03400189667459
0.944822313940003
2.5649383315026
1.76307340091074
1.05277306411029
1.00962698958266
0.758211768479825
0.589402870162905
0.261590193506767
0.870478160248557
1.83019205382247
0.538171613985551
0.336531562083842
0.581030054132122
0.323354786050367
1.62892379894463
0.447094751445186
0.697651787524969
0.284084023915916
0.432435694480653
0.593246219146488
0.799505047353269
1.20732061365419
0.608056281703408
3.15854719727648
5.41197507494797
0.393459722234098
0.777044092175876
1.06513524716998
1.20580273777548
1.08944832050528
0.602004217322316
2.19243408630486
0.765552149611936
2.14811401502222
3.22775502438604
1.84657538565273
1.95739114166201
0.295111111111111
2.84316131891851
1.63303979453049
0.88793949723144
0.576135473400253
1.22969702492216
1.65181394640552
1.43301339508528
2.26170032835308
2.79253397971957
15.0622761621201
1.34949386529148
0.640537756677594
2.33259814853096
0.942928609759839
1.19416709709154
0.855181095650832
1.49116727577111
0.77092530397339
1.67901101257731
2.20290248374935
1.08963023543764
1.07717221656464
0.588084944787371
0.859963096085941
0.28218132430094
1.05271926984373
2.00490187931533
1.08184272545877
0.791443939082334
4.75327797545934
0.912081736245695
0.000811014227017779
0.438370342879395
0.872968564367705
2.42097482499239
1.61028878724088
0.22962374568683
3.3001507874863
3.56329019045503
2.26256388219525
1.0457553567352
2.40155384142094
2.49474286357815
3.33553541338699
2.0096666659405
1.52694082501751
0.258131216221173
0.143959922712324
0.18714173339898
0.433973299455962
0.430339250229609
0.396903260546519
0.495661373244656
2.52413700286309
1.84462580379839
2.39484332334973
2.00490187931533
1.55107204422292
1.75295533753171
0.1017864513926
2.62788934152882
1.41493549268012
0.792038978168631
0.922649199381045
1.21613792555586
0.911026816235938
0.84908526037887
1.99634143378475
1.21324401371866
0.892594986484241
0.227447097149109
0.0554358070518433
0.0656799971151974
3.9031647060021
7.66817219614954
0.835582939438982
0.843238026106096
9.08902056368425
0.345792433355076
0.664108984606554
0.493646330552179
1.49208483782177
2.11072650869129
4.09063314651495
5.58070317124177
1.05941035227962
0.412361309807023
1.00366955051598
1.56556244892771
0.340644769335456
0.627900831897914
0.718580041596192
2.08832333060172
2.74370089776003
2.97850378172084
2.37750090862302
1.70185849700981
1.61534037502742
2.44844588316006
9.31043345360768
2.97173720980789
1.39801500334037
0.955196985727016
