1.72336915393004
49.2824328132118
44.8484731237067
2277.57310307668
128478.733958636
77.0853153870118
6.1355456731052
42.0459473277935
782.277380317469
2066.68518658338
36.0403982080673
66.4282422353549
208.73165364933
2348.72290674809
22255.4880458075
5524.29670997272
50003.196957374
9697.15483525875
6158.35537761337
77296.2485623243
4704.06247982225
10508.5695396629
30.1817449840024
135.381509401413
297.426829809208
272.675413757865
30.6144387571831
5.8
10274.5782653093
275.87880992966
70.2525537981471
25.053939347363
22457.7199994795
43.6034597268321
1019.18086238371
598.157704528538
110.702254834922
20642.3852506212
2841.70842429551
29737.0688571525
2965.35368198885
5593.0877921004
263.437833358075
27.1020681478586
12.7532114509354
0.36633396034623
5.24751228682391
9.32306970711399
20.6540143369776
1.8688104395435
43.4082761411009
7.74586381013654
3.57462950569704
11.2250293879502
24.8194993683471
184.143775637727
6.02552445150605
380.34118591186
63.4660761957457
10509.6872156944
121.215635215443
4.41604976704775
5.6886176818471
1.1349852116899
9.45648460488487
7.98791562393687
4.13947065728889
12.5010165328111
1.9496137160833
5.57623095825257
8.443638154411
13.096040918463
5.736012452396
3.64575858924162
8.0763177524365
3.75091551818425
103.05657901323
250.277254791137
287.283039648675
1042.16224173554
553.602631660938
243.8983518466
2942.1071898808
1134.45019090149
7.4052568593165
22.6174540376405
110.043493190609
503.487923130276
4.60676140361412
1.1423575525898
1.17017674779575
1.59785753674107
5.03007968251535
170.839336080622
5.01011351246034
11.5520798141195
372.841569261303
464.454744500232
189.97568469353
2.075
204.585765191322
5.79729127058325
656.250712703837
7.97587545988475
36.4736921142091
15.5152524251661
33.7235818976735
13.6509769818454
1274.48148018868
22639.0194682266
18.6547681378528
156.44192739561
47.2767660461186
41.828986649382
1017.82842242102
5.52813493974288
40.6142348591274
12.5393965788595
15.9280025481612
11.268693474564
12.5246942062249
0.798117289210862
22.793804906868
4.9582247258705
1.11814349754248
1.13101526553836
9.97438684959375
32.9060495660375
221.637279773849
61.7728083560736
5.21216708858738
0.309689161812685
730.544176408512
476.095230792037
928
44.8364784197381
1.697780569672
19.7960920050194
9.42935666649161
10.8436701354034
7.19962341752312
12.2386878457029
7.29232529353612
18.4095896854244
17.391346147562
12.3936696963921
1.91097766008737
0.698655499913249
1.03220362327875
3.4392383981885
1.89483751116725
2.46576150614525
0.153809919884982
0.663374756064955
7.73323894669325
11.4169549972769
9.97438684959375
85.0827644258115
12.1465196929801
6.51072795230624
17.2838471900135
15.7617918320013
5.17300457616387
6.9487017828385
28.5454596415195
19.8790723235073
6.11341387472786
45.16722493938
0.101959160383664
0.614898768466926
1.89286528627425
0.225438948677496
0.556090642242005
147.074567964462
128.898323106704
10.3403388755574
17.9188080547545
185.796490127406
0.171167254510763
0.296151100322985
22.4300551444646
0.624810525837867
415.351400788409
0.0766993714971551
73.9443170189535
18.8707468999807
2.21644204021275
3.01100865154793
1.38454429077045
1.35512747301261
78.8800420071755
10.9583456343419
6.82721088850562
125.836100265449
8.34808421043425
0.779291964493101
1237.77113964466
9.61861768766325
83.7912591125888
119.644242341888
29.8494493074037
25.3972725606834
1.52831517716323
