0.716425405632677
0.36353662241556
0.174518210477194
0.0602533201069448
0.186222540838267
0.124691799148763
0.188957152764518
0.290011352565799
0.294559135558059
0.169498790623744
0.254312152332269
0.229579153763811
0.366360060440393
0.0862252133604337
0.181100198810717
0.215338383502162
0.0858945624392368
0.0724396263993881
0.238915029009489
0.125062628703253
0.038585630350223
0.0730530739472916
0.0858474578772466
0.127991469380502
0.257033214318909
0.235432541150472
0.116785738584698
0.5563495980483
0.138374896181853
0.32133239585051
0.209685796171217
0.0584668560372572
0.219963386870626
0.0488772389551347
1.11469185343716
0.0240269733699676
0.354838937035786
0.782627572781481
0.36057564327808
0.177358121435023
0.190792424440243
0.515685286133077
0.130327722593585
0.204521954334761
0.16669813657911
0.179763334547383
0.0555867974034654
0.0796794438435644
0.169135979446729
0.0871611214950416
0.225602507733486
0.320762332681609
0.0907920965304292
0.147305807745037
0.184746014350108
0.220380148589488
0.0547994046944292
0.0858901823830459
0.0746082976774518
0.073060615686898
0.218513577545275
0.0398084438073579
0.0578786171203366
0.0666149364180229
0.0772107698212762
0.0478097505238632
0.0514913475360116
0.06320038010466
0.066969236024362
0.082930382418575
0.0859975662759645
0.0752548764223012
0.0410545471900133
0.0262999627423283
0.0547816164573617
0.0266167951023728
0.0769437897345682
0.0218162475769531
0.021974658224716
0.0117545407363326
0.0187492779621523
0.0264916313254378
0.0365523697811913
0.0647902465051275
0.0363122550270476
0.164326217859797
0.261642643386144
0.0125878539917092
0.0367298060046861
0.0645950284721679
0.0646878052356152
0.202082514763907
0.0952326708472148
0.739751316448741
0.104115901351596
0.168400408770038
0.566175145352339
0.290746682402669
0.320501328970857
0.0335200169458378
0.403821762453722
0.0324771852217709
0.0357100131894992
0.0368122502017669
0.0587226078229735
0.0769568632408135
0.222443534630642
0.102201792423674
0.199902752657939
1.72398135607963
0.179083325856733
0.0424144266269995
0.101804496856002
0.144010581257184
0.0829868924984422
0.0334865446496569
0.0587287307183606
0.0281024038032065
0.0792036913626743
0.0964206472552413
0.0439471400954015
0.042026534542342
0.0253819088397955
0.0326508127006495
0.0230490833003701
0.0621109898506692
0.0838529857803641
0.0269563105541902
0.0312749134475298
0.269722499785679
0.0323642214244906
2.29649615527323e-05
0.0194872512131351
0.0209002853178865
0.943631884924508
0.0983099698114632
0.0122289923338446
0.196531140615601
0.292361492787479
0.235123150775469
0.0674614658780886
0.104061422448451
0.0695562618649419
0.151356130267283
0.161104313139006
0.0397865864105322
0.0137291064911402
0.00530372789606746
0.00758093615128361
0.0231557523614205
0.0148489099050575
0.017869686795592
0.0660353117666528
0.12510931035424
0.0668931698918914
0.0891920936320641
0.0838529857803641
0.121431202922177
0.118402781037039
0.00440426650870077
0.143191035027603
0.0747161465901738
0.0357017729147404
0.0464947102298557
0.508539687731743
0.0975712662272279
0.158651824545375
0.100203842795511
0.017107226368119
0.00621122941659591
0.0147298479459435
0.00199440738876399
0.00434033724160074
0.238497826437165
0.529058488630339
0.336244386596222
0.257569111370802
0.636771265011132
0.00847271396302296
0.0987859984221512
0.0622345243330976
0.1937609979576
0.0543340861556214
0.0701988193932864
0.717192260856733
0.216499779186675
0.00606860143374876
0.268538473123578
0.240492105123951
0.019413460350711
0.468630062552279
0.123914497484149
0.0820109797850186
0.218189080438172
0.0757179649562938
0.0199384089162363
0.542427469648027
0.0610958597762464
0.0652799406827365
0.759176259064013
0.560892808661218
0.0304605064296911
0.485403005324213
