9.17044649632396
4.02280623546596
4.83589409420749
1.93701588040382
7.77670327409208
4.3837319826057
7.69393359089956
7.36674885010113
4.57887136942274
0.9250674025067
3.99811015927868
4.77387149048769
6.16143785592216
4.9887761199408
9.34463582398449
1.43495716063462
1.30572205778438
2.5684525998506
6.10397745353626
1.16036117750699
3.0699104990541
1.14978504575491
6.18665821882552
1.86676265842207
0.239070508366368
1.0896916454555
1.21020380560984
1.21864476386037
1.48922887101966
1.22548517244603
2.95320142542182
0.947666348669944
1.78546461037842
6.1282143458118
0.913661637780783
6.80694533614364
2.08279732968254
2.68063958794088
3.07501160537404
2.86097915715057
5.1453551263665
6.48070233576348
2.10722148509911
1.68356453452072
1.53010679114462
8.48246236528123
50.8060885819105
4.34248423631742
1.05939634957387
2.13658404875792
1.77372687125591
2.73341444589634
1.48686802000855
5.40336315650025
2.11167535454295
2.61714999602806
0.647188872079878
2.62725846706223
2.76449484468402
3.03127648826811
3.69508207028552
1.03278306525804
2.03313898824504
1.0106846678635
2.54896780731763
5.31052052738946
3.62601882250469
3.93329927168006
2.79118906768549
23.649630338827
5.12953142032323
3.22429237030103
0.836642571625389
4.35884049877257
4.14136366225813
42.6717403944735
3.92830284430981
2.10722148509911
12.8862483660015
1.10522490842836
6.38046560044939
1.77773348206308
2.81898996441143
3.30729866447061
2.55366372753454
2.51738616398036
1.8391553723271
1.71939106018253
1.63721551205702
0.814399823041271
4.41078293172679
2.06899778395545
2.0477342098354
0.919574358568665
1.63810985069243
0.930718970773589
0.806379229225399
2.14448634744316
0.870271110934126
3.83081988993496
2.13704928971668
1.4879884675665
1.68575294305099
3.0461789560272
4.52928790300474
0.88450416185626
3.62144706676347
4.55053727626605
2.04387559079058
3.42202381882002
3.40620311098564
0.212849284975419
3.78108217830334
0.880587897384956
2.92693223262542
0.841039705573933
1.23873561602497
0.597362034207458
1.50844476408474
0.865517704612627
1.42239447772029
2.26875252228381
2.18236553149368
3.44119109955045
1.69151797940093
2.10047401232299
3.89714557660514
1.49499844675469
3.00678339984211
6.89449318648955
0.328357651723489
4.26685335014132
7.39916298962998
1.84362913880225
4.4945169643914
2.21540860919904
2.57418190838619
0.905594941065488
5.87652963029493
2.04462503806778
1.51685631465892
0.362933659362671
0.420672620626203
2.46401647729344
1.05248836705336
1.82893140186291
2.11048031637748
5.57353935125416
0.75523064781737
1.06975501133525
3.38642706213125
5.29177828559667
3.84563048123444
0.424513531873309
1.77990761330688
1.77500547969921
0.791890071590528
0.793036148031717
0.785845928870157
1.74639736700375
1.80827883740016
3.62876284699803
1.08988936424534
0.823529411764709
3.02464792713704
8.95208945028079
0.410256410256409
6.57522152627649
7.14069766868061
5.49561707726422
4.32989992293953
1.13553274804464
2.49852488633132
2.72400952917823
0.461183279468652
0.510377782481448
0.36359878736716
2.70954918545916
4.88950654536143
1.46938168918822
3.9147168173896
