280417.406468021
92717.6381150193
88894.5043065617
60404.5195377475
9479843.85833617
4346.79904065225
440541.814192257
261576.308144736
210199.386161484
2.47471479608516
1376.94913885558
310741.37348899
9122.55240197417
261217.805293832
491.18803940253
0.259009767494548
11810.6121186755
142259.373376992
2386.19738602366
3117.39318631377
12.5610504586297
0.0150356505983334
1044.34657395162
45.9690304636435
6.87043103805254
1651800
1329765.89058507
1335.33
41.6984083885505
43.4755454034425
25.7631667208227
26.2430681170138
360.238740674921
27.9563302061319
415.396263617033
52.8748387166447
19.6973118892834
1137.61238132043
1057.95774282894
971.87461968405
4959.60780630467
173.358787481673
106.09860177474
689.314454102827
6626.82598606513
18610.0983063088
27788.5111167535
207581.602706564
10557.2377556201
892.691522871667
164.544104405578
75645.5053446248
22712.4496849107
110738.489388646
9130.30832158338
16914.6404243293
887.500319054801
185.59262900559
11767.1275962944
406.733488378459
1412.97993587681
137.447118884815
129074.209882297
763429.131769267
2841.49934802802
107.272514653267
19695.3255709047
206.937815799449
244.03201831182
1437.34106271035
310.928519939593
58.2079604967873
6.43230494773167
401.269728269357
32.9721570243452
102.412176946736
4.56010488510297
106.09860177474
3033.95377878942
2.49548150376718
32395.3784815217
10.236002259879
391.369773392453
739.916206767953
42.4176985478895
15.6342930184043
2.84456030919925
0.831560040015552
1.06419008283707
0.62844519678018
0.820405625301183
0.379943229417273
17.1139386586994
2.24989193063133
7.07390437190682
1.8629891398318
3.07432081142183
19.2050666226577
6.50285913448
43.0967237617683
15.8012129300263
5.57604099424919
23178.2600904797
28948.3463156192
17264.8906049369
2999.05877813396
8123.81113251715
84139.4342381593
7.04047011840996
127.859253594094
111.785393005983
2.2590787624283
0.999286004265882
0.339655331848483
17.582500054557
2.05453985218775
0.955596046647834
0.2048098402997
0.377111191021185
0.22874396479048
0.335278698319783
0.324107503183402
4.52295256402065
4.16670888970567
1.11640186640462
2.91440769209815
15.260572553723
2.72338883717147
4.7106273264193
9.29032956879467
0.685446597972784
12451.7447890499
6717.82339766822
4695.10887348307
11453.9019406711
10827.6249600762
7264.55586062485
1643.27748680842
12998.8835422124
4.02109590819997
1923986.23772455
75.9136237500253
31.3050541849332
228.742862975408
105.950495616705
191.732975295295
325.893335520623
310.260357219815
67.9707583035633
137.730957709413
236.76769209401
121.181722740164
642.625093574702
4.59144898947184
704.175949514533
19.5250602766913
22.4646709782787
23.6241294624185
45.9099463708355
34.1926221329155
38.3069595817666
2231.17075621136
0.467095441819432
0.400000000000001
1116.23911596724
3.02133018946977
0.0666666666666664
57049.6566796024
0.506340380142807
280458.2490438
119.312797876556
185.659604305298
58.6418488027173
59.1270303686333
3887.69818204083
67.6615117346834
3527.54453533934
924.941562854467
1051.24390725271
0.86343666878965
564.837712223357
