357249.028717235
106798.764854629
96029.6054387456
70846.9313495735
10409783.3084114
4857.59223440975
462396.502508132
341982.295021865
247801.801885742
2.88825948678957
1726.61001408753
410487.390540464
11051.0691814373
342189.046204533
550.872368810388
0.29513016991145
12305.0739110786
176769.838493318
2670.64784750005
4379.55901134454
14.499884664745
0.0164608496241834
1102.47386094537
46.8856479531808
7.46713875834861
2082279.56334568
1668015.43977723
2030.64139837482
47.6983252705979
48.6780124030845
31.4091740989686
41.6111450131405
476.52856010231
33.2884532656071
500.025409058949
58.1061628236748
23.6859800879699
1245.62357187181
1381.1370899546
1403.80217326505
5397.92053608269
214.121461886492
119.900688963994
785.824663480654
9215.23540809491
24267.8523346565
31513.482408928
210586.176852837
11995.9437507817
1318.3002707332
204.193173887338
95366.5304908402
25814.8788975496
139948.513425794
9928.82685346832
20767.884869022
1245.54409355157
198.608675175458
12896.7893779441
481.157652047711
1501.8773404879
194.152161381017
137603.69266429
826496.076699547
2911.04153421848
127.474908170599
21866.5352321457
212.38106168857
311.721375440371
1643.26336137983
431.328514198097
63.236768955195
7.65373369187352
490.326161859542
35.355356338545
131.423078943127
5.24651812198511
119.900688963994
3283.04551117634
2.90081062015486
42693.3955616384
12.3118386226135
417.779174222638
925.859787738984
51.6970511842134
18.6000025168628
3.83901378928929
0.945317275939582
1.21466952928787
0.789257057683619
0.891533717060502
0.43884966040617
17.5387755180318
2.6615651298408
7.69357437628531
2.48528246682829
3.64100275693306
21.6708633425798
9.36027230358297
49.4390178693616
19.516673699231
6.1483709348938
29116.221414143
35019.3357804731
19984.2251135654
3870.9890718257
9024.52851963086
98747.4611124641
8.12339748235376
163.80674104955
150.307095612423
3.41966550469878
1.10313538012286
0.448637645337376
19.0093598132871
2.08515830162307
1.07663758832998
0.249938987602476
0.396388536996715
0.38469905905943
0.368398254195032
0.391158556621226
4.7512342512419
4.17635192097219
1.23749205015211
3.49014136642772
16.733813211666
2.75289878300523
4.92781573221558
10.7071306015684
0.854598027097532
13654.6027216722
7803.68142676324
5557.44820563432
12650.4580650042
15256.6491710344
8816.21774449042
1844.32824360261
14742.5620511728
4.48885468289682
2014220.19255036
78.8666562225021
38.8637014099243
250.261185189048
120.20044865727
230.698036461457
466.416756503014
345.228980377064
87.0483413989021
156.921163512111
249.453282238426
134.673304018142
688.566673992329
5.56235298425139
713.838210028657
21.2112545284894
26.533637517309
27.9504860803317
53.7354765835197
36.4768713767479
41.8848471950667
2627.13565949591
0.60241212968425
0.460408801239519
1276.3042721658
3.45552576839237
0.0932960859418861
66990.01115452
0.650122171178429
309493.92050926
129.69164944223
241.943179605402
60.7007113134573
61.0904000257452
4593.602956379
121.573950493478
4263.83337555579
1225.36485715278
1215.41173169829
1.10296330016058
579.67565359599
