0.293644624159867
0.172144487388258
0.163731864611406
0.13007350590844
0.304833627333241
0.201799161421932
0.339516452396445
0.265973422095988
0.164819816066929
0.0442353744952625
0.139896409235737
0.112603418188743
0.157917386925757
0.29048471937393
0.36944402912079
0.0278058410973548
0.127073623904829
0.147985076452954
0.257999538923335
0.209728364058852
0.660631611629394
0.00530839748778308
0.744282535683785
0.641181984624937
0.120494081641309
0.0813714259195471
0.0946034935980957
0.360847682462172
0.0494520231279216
0.0547188869458272
0.226460190695655
0.113054996300406
0.0602408338398277
0.235587539932199
0.0433320705138947
0.235430947506824
0.195471505104316
0.0803555352639566
0.0973845854342737
0.078570773839528
0.166710276417291
0.194729443983974
0.0641876767178315
0.0902939718234114
0.0860570822003341
0.363984637290006
1.04080808699085
0.27982865021426
0.13155349150435
0.0797027255768192
0.201095065796723
0.100944800110957
0.148645272852056
0.31256558759398
0.204133856565745
0.122404511039675
0.0339895948718919
0.12494508843243
0.327386441683028
0.960009034016168
0.693467726731539
0.227710630125708
0.0570737823184349
0.0297225619776732
0.309050615200289
0.247467869871938
0.079428139982644
0.286391358220473
0.131895482971419
0.722937234530075
0.133766555438251
0.223422972888127
0.0384861101421472
0.244811137972134
0.361586908886537
0.850789083000929
0.450761600620419
0.0641876767178315
0.590323085282505
0.111986856990738
0.172105598688353
0.19084719959692
0.535067025626708
0.167779316058428
0.103399989215841
0.0917765539486112
0.159702307849423
0.109294323478792
0.078535947456665
0.0847328182725349
0.204643553155083
0.123100889802566
0.0605151407566969
0.038469747944555
0.0613878949949922
0.199795438915277
0.022366551648004
0.133318817114805
0.0542558774274496
0.196734343283262
0.112458533535528
0.0525356635413714
0.0490094771866685
0.20996333759937
0.143881610241435
0.432678417216267
0.208223910599268
0.144021634501428
0.151047715545151
0.135485226115206
0.114411069433429
0.00241411505557882
0.145050210841452
0.0280926999770148
0.106390612743231
0.0266520922613931
0.0358878284247971
0.0153466352174459
0.0492017088242123
0.025087977598815
0.0363065715378096
0.0598679440252881
0.0541159403553401
0.133928570911015
0.0508413792294296
0.0884634123064783
0.133902028799302
0.132892344553491
0.127135255782902
0.289183812952048
0.0133007183483996
0.14996841524709
0.168362465403572
0.0708323637301781
0.226272445942487
0.171639543270031
0.0866640528716149
0.058591486203147
0.295113039103463
0.0638486948678005
0.0560238451003215
0.0128795039303874
0.0127359727809224
0.0845702719022975
0.0507173302622322
0.0912882037015448
0.068370731652165
0.25894779432008
0.0331069423165071
0.0442342105904865
0.109655895281568
0.65052194839255
0.0172192009720913
0.0153882880599993
0.44947447499859
0.0387792940548326
0.0522569017543232
0.0557030215624645
0.0537615922878174
0.0376279740860861
0.0390011248921491
0.441571701158365
0.0126774298455078
0.00995482826610316
0.683137532774704
0.142475494319878
0.00699920185109729
0.126758227206757
0.185613329649235
0.162802132608771
0.141425414574963
0.00684816930415045
0.122794007180983
0.131727036311031
0.0115582347099649
0.00235837039386863
0.0108600872640717
0.0997118447783623
0.149207766703838
0.0154270780079022
0.430637859302038
