0.29364463991041
0.172144503549782
0.163731879873405
0.130073520032802
0.304833627833754
0.201799635702546
0.339516465742162
0.265973435973361
0.16481982258783
0.0442749640600668
0.139897123976624
0.112603420283599
0.157917529587764
0.290484735545586
0.369458010681844
0.027955983378332
0.127073693401473
0.147985084216013
0.2580009385801
0.209729073812297
0.662416467141027
0.00540379167764822
0.744309183957814
0.641630945793353
0.120600206298011
0.0813714261208351
0.0946034939356248
0.36085315360355
0.0494549562590042
0.0547223346374928
0.226560291131687
0.113079481245207
0.0602413384862625
0.235686967529695
0.0433322966497364
0.235483496073589
0.195568743437491
0.0803558206566605
0.0973850351447289
0.0785710921711416
0.166710557399289
0.194740717424275
0.0641896478641159
0.0902945633882169
0.0860571384716709
0.363985003785718
1.04081015172928
0.279828669741831
0.131553573667032
0.0797030825149738
0.201107519683496
0.100944806879399
0.148645321565096
0.312565632652753
0.204134085046559
0.122404555801763
0.0339896600469156
0.124949333564107
0.32738690355975
0.96013432282693
0.693484876163186
0.227729645249936
0.057073783590732
0.0297225620361018
0.309052298348892
0.247497239225019
0.0794281560459142
0.286411233984758
0.131899066116833
0.722957028658271
0.133769966219784
0.223466003071842
0.0384976880736606
0.244818627996895
0.361786679424444
0.851178882012396
0.45306478430039
0.0641896478641159
0.590328920158299
0.112239784673602
0.172105644878472
0.191025639043058
0.535103964831102
0.167781223682601
0.103412607008987
0.0918038896896221
0.160152021887706
0.110020070737356
0.0788268724656107
0.0853084708312402
0.2072422833303
0.125131370409389
0.0605259020684571
0.0385027234225859
0.0614147924649295
0.200881991491051
0.0223747150828722
0.133366380787716
0.0542785469542513
0.196779380449506
0.11249860406249
0.0525604844283117
0.049009482399337
0.209963414795535
0.143881670521128
0.432681627828506
0.208224179901947
0.144021646909696
0.151210488666546
0.135492686235569
0.11441717135407
0.00241424414228761
0.14611584235909
0.0282098717243114
0.106423051522636
0.0266695731729461
0.035955785493851
0.0154047188457856
0.0495287376329803
0.0252264888542544
0.0365048734984805
0.0604289726955562
0.0541484068089697
0.134144691876839
0.0509580008307442
0.0886011951540616
0.133961067574285
0.13321770785531
0.127307460169629
0.289636698678146
0.0133137783364707
0.149968505825439
0.168362677943668
0.0708324174694212
0.226272671212365
0.171639680138908
0.0866641055277591
0.0585915908130201
0.295113377652683
0.063899602923061
0.0560238451822595
0.0128796136944216
0.0127362330097879
0.0845718566255414
0.0507185528871426
0.0912903820672286
0.0683714535318504
0.25895867760838
0.0331077738147309
0.0442349372079923
0.109658435216045
0.650700610393518
0.0172192240424958
0.0153908675352859
0.4494888429093
0.0387831455431295
0.0522629866761393
0.0557095934996067
0.0537647427757168
0.0376300446651844
0.0390031104149109
0.441576159684932
0.0126946574229945
0.0099672315927253
0.683159319196862
0.142812571596659
0.00703613777034017
0.126758241306531
0.189103282198786
0.162802137340451
0.141433870559414
0.00684818193467053
0.122806865531142
0.131741712344754
0.0115582364282729
0.00235837450401918
0.0108600889360789
0.0997123831491603
0.149208827585831
0.0154408724169916
0.430654311470953
