0.627675237102883
0.225885393670828
1.11658928927091
2.94712617611464
0.571860248068892
0.708448131562681
0.856317595234751
0.654852790126298
0.83534963950046
0.589047974513701
0.516210158307858
0.487904117234374
0.554234402009594
0.564791863327759
0.662840236694385
0.557211471778316
1.17964997051544
0.815814959892348
0.756565516516331
0.541310930767931
0.380483448941103
0.403229627243578
0.753532901920061
0.38213978645161
0.603051030365536
0.437205489278513
0.542536412436394
0.614444149975087
0.336662368317554
0.683122609244063
0.31675004584142
0.403464039713399
0.41569543629166
0.500652637629733
0.718388572989091
0.571059431524548
0.738828673614922
0.575408371691057
0.649795872811569
0.662541953822202
0.64177342637911
0.530300168280242
0.813039278680641
0.557587673558188
0.968030700652564
0.636504110771995
0.490773032254009
0.655085699714007
0.812665140810239
0.427922745591898
0.530726233742203
0.784786337232879
0.52120346791597
0.625775620744075
1.34750331309412
0.884580698007789
0.578020189407014
0.66789485033976
0.571264318305507
0.45344188980674
0.585004682957665
0.627295248267295
0.579513686741906
0.489001096382847
0.739981785063752
0.672794661935616
0.417327324588412
0.338311960918928
0.797894450272248
0.604018043680879
0.607719953701005
0.665612154066019
0.662921004477747
1.38845233944005
0.360237646804523
0.821073754266744
0.741645340346861
0.630517080266661
1.14060851765966
0.874932990306622
2.18100208248456
0.970582932811019
0.932036357195716
1.0109822077112
0.638929062030138
0.521071354780821
0.863058119163774
0.971574404966203
0.51294576928197
0.830629575730669
0.957590235367429
0.828757855389962
0.524857320110617
0.597792922417066
0.611552168992372
0.592834632152586
1.25722549188506
0.916126949402815
0.693495341210363
0.348480035812843
0.760164452323778
0.721766316475469
1.11098833347844
1.154515797874
0.777685254916727
0.577658058720416
0.765340700891775
0.863821229481444
0.841783537238356
0.918212792625851
0.94146431877673
1.06904324793204
0.722311091706408
0.521625066178737
0.691940803098321
0.808057404289421
1.29767595648921
0.947476939277561
0.910958012279392
0.601119548578067
0.644609365399161
0.999344252052002
0.517834377296739
1.14304809781963
0.629188964142847
0.676372769668018
0.613135990229853
0.913508076003807
1.18362288906103
0.68026062837933
0.503230267598284
0.794269201277122
1.03761959556329
0.943514529099715
0.751641758861039
0.628117683567522
0.625310186841663
0.536376385441218
0.705289167693735
0.607523608277837
0.886230187222132
1.11891842546786
1.14905613933247
0.966650697877587
2.79256880144208
0.890470901242376
0.941146836864568
2.23933337687762
0.753896766923895
0.836823457268967
0.577600806670632
0.90925372472674
0.902414124760215
0.808000054568311
1.92056932729588
0.978823409847686
0.849518779534366
0.531047998497499
0.468671662910907
0.87539901597349
0.615235473116594
0.598814647668769
0.656490026694833
1.14710518703134
0.908184984072313
0.583415164703919
0.817726568578815
0.650064261281896
0.611157159478452
0.45878730858323
0.534957788165079
1.04867046466178
1.21283275482655
0.486765387358303
1.06204484356104
0.719466074391089
0.6090268927864
0.802633939550841
0.574589633051351
0.729276927753181
0.658472436457957
0.704417259835493
1.07617674975249
0.754018335152543
0.901523808483161
0.635911321441981
0.738065748084492
0.500079199291384
1.8115881335088
0.661243464650638
0.812220709112307
1.11184231358848
0.654303683443192
0.743457646109578
0.465520246897081
0.56731078284039
0.435655878931664
0.545714590432085
0.765691046911706
0.374711217380468
0.469485894309734
0.501043475047371
0.569424206838759
0.53908399228123
1.44705475208808
0.612127430324737
1.14597631144623
0.520884301521088
1.14263927150626
0.736103896103896
1.08213532947392
0.765651309703295
0.379498284162625
0.803189362532876
0.972251441894422
0.494395516413131
1.01069430659516
0.557041945873136
0.56330130614993
0.576822091831527
1.06330675370279
0.620250517889024
0.579167932720963
0.605954788241887
0.611819422094511
0.593695330281467
1.031152747524
1.04714113492683
0.354884457993086
0.88092515798974
0.426245210727969
0.609648531793463
0.559643654542375
0.418184108806771
0.583016097705697
0.752411575562701
0.8133180377266
1.07129179868022
0.506447291752445
0.765956441279608
0.869219480250647
0.591313269493844
0.961093059811599
1.11092402066349
0.790214124007439
1.5120437673806
1.76880755397798
0.93697316366257
0.374938911805259
0.521460911891555
0.565071716297803
0.795872051636407
0.815624855366749
0.800502670436695
0.977335100223314
0.599253265873293
0.641460334149497
0.88096082762755
0.992382150799625
0.662495854162522
0.981957353833458
1.13102251893111
0.628088064604323
1.03150873965041
1.10745999479942
1.39282210624912
0.599626761997533
0.564751811627074
1.13603730165086
1.05758494407471
0.887702242834413
0.638489692950425
0.60020389145377
0.825064706991918
0.947735221612352
0.197740303604811
0.75965123392408
0.463393862629087
0.487328807265933
0.379236034650209
0.551816585226233
0.748178853941012
0.540034410218992
0.545140786177452
0.570621346672731
0.592470525249356
0.530849773681462
0.535045362685205
0.529905267192228
0.547241081242816
0.43690706157282
0.531942246117058
0.597331549118841
0.383621362714311
0.492495192494773
0.370922936511131
0.311413929483446
0.483507976174055
0.253814595268444
0.140957728075122
0.32148828397524
0.449277443311744
0.197925898229906
1.23246200725469
0.719981245341863
0.55419583564147
0.741840427679343
0.691283222647101
0.577740275319756
0.594081926538099
0.533164710338865
0.815293788119384
0.505659848534629
0.332536333064672
0.523290213380083
0.546863898912018
0.735607434987946
0.875367219221513
0.427478694887604
0.725714897394101
0.479139370438537
0.234319226648187
0.404418217186811
0.562561440969694
0.420544070170796
0.559458581747888
0.39827232392772
0.356439380402618
0.679033234314696
0.347881819701202
0.525420520686651
0.500535432853713
0.336160764234351
0.417339281097991
0.386459746092285
0.287732852510046
0.279043242149402
0.441946983419637
0.457930554605532
0.546427379705166
0.405693812180883
0.209929041836418
0.285933881797266
0.712516526758603
0.494607770154716
0.446414902873189
0.302123697485436
0.518211056847189
0.283513725315646
0.370841545778757
0.728031150578798
0.34910368593318
0.635849058224338
0.570360558149553
0.587966318432778
0.492767066970344
0.382798434525127
0.514237702220672
0.523460913204744
0.661883481988326
0.619928911040251
0.282099463001874
0.197262127235535
0.215567511670567
0.377818308744159
0.0853671641589414
0.753451220973605
0.307594698876063
0.647307243308552
0.607945853178122
0.406921763593742
0.446852969551338
0.423369305631712
0.709998599075144
0.595572428530131
0.377506390283536
0.397682415859659
0.348750228693579
0.487671249373134
0.829196214508129
0.567536816454373
0.413297970089397
0.401075064961094
0.325646795991768
0.250465828454001
0.564251887984695
0.395534811739519
0.243907381285306
1.07139840757066
1.39438924667204
0.661407690114608
0.715389933199572
0.844909667641578
0.797080244664923
0.867819285848166
0.7568074306251
0.435918262388833
1.84190168883819
0.824273707733191
0.776476278411555
0.595058418103313
0.294640796860165
0.586295818772479
0.828110220621171
0.531623046296059
0.296237882448768
0.34243313529581
0.750855287702916
0.45880890759517
0.607438327920327
0.372329785376557
0.669456667883229
0.218839767062313
0.70617020713451
0.561350595050761
0.527245157780705
0.514197851909891
0.398761605234448
1.88220823515094
0.755535062453742
0.343141510108958
0.70663176225311
0.77606582422899
0.492914031760245
0.393418975570086
0.654982324864666
1.12498711822691
0.40856213173482
1.28467068810122
0.397540062788041
1.08100533944178
2.08608845380754
3.87881488438061
0.63143964635825
0.760320653229645
3.39147640228438
0.600878618821425
5.06634096492237
1.38869705493505
0.919461289525401
0.454179966418893
0.647903493980748
0.496615300714087
0.576469760383426
0.15635837020164
0.422713693268603
0.302117779546402
0.489779934102375
0.727798633941203
1.31453616230419
0.980645388291907
0.732900910070971
0.692648322272357
0.637822941147371
1.03585152262658
0.735627590629747
0.788827815262679
0.776046475913755
1.10850961433639
0.918689206294879
0.855169443910118
0.664228729581592
0.599068162059675
0.688582630308867
1.31205948674242
0.901734429356134
0.447854951263326
0.547401787658341
0.54747209471331
0.845022628565026
0.618096471516477
0.584372655754777
0.431116905693177
0.179997177030988
0.771833201730488
0.620133015950672
1.02281361993157
0.799822714486735
0.434160833646491
2.13549092547772
0.350108944146204
0.36487484519203
0.997648167426361
1.02646816831102
0.573895961137125
0.72644531278543
0.481001028307197
0.801541381507235
0.794019030692058
1.10068592546224
0.6656174629348
0.636962391414058
1.61945113223616
1.02250029680125
0.607097529621714
0.476177623554714
0.776077855735149
0.945760885164252
1.09381232300181
0.905368665202697
0.955456955456553
1.15313293353669
0.673278060277974
1.31611190461084
0.616308478838275
0.836221417022331
0.368810905153867
0.925890443100741
0.683057039143166
0.928035954713539
1.09619599172303
0.863430429483057
0.456029165773264
0.831865111170167
0.408503850890914
0.778728199928867
0.468778442699371
0.795810007630308
0.478543349338279
0.47986834976941
1.24285530450967
1.31390268808155
0.831404183615336
1.67790545351517
0.43768205549005
0.495842906600475
0.432572243873048
0.679911107386239
0.480779412596152
0.644841370015308
1.15041604340147
0.5554456109561
2.68742529930297
4.40658289589494
0.485689598252955
0.511331154276094
0.358123799146792
0.390775005839724
0.496254020981123
3.04281089494724
3.1144569676915
4.92957814576551
1.26113130020776
2.14721748368649
0.987365703909187
1.31980879623835
1.58765923947554
2.56531723993008
0.896874620747719
0.990027283758451
0.761831860662496
2.34044611905931
1.1761318780138
0.697671116389061
0.470618008197555
0.706530040409706
0.825583636057338
0.392981917805214
0.560295072029314
0.584960917707835
0.769428285950925
0.598151645792677
0.82579249713617
1.06595033922595
0.825319413060393
1.00068323439549
1.62951328376676
1.5343807808156
1.29241155614333
1.66790457106912
0.215927276009883
1.37602037925332
1.58386008505583
2.01686294814739
0.261499857525596
1.13624711392701
0.544107014565125
0.49908895885057
0.891052482086938
0.613505397818183
0.949797740216779
0.450250149899029
0.373776751232643
1.38679077909545
1.48549551574653
0.433859972867311
0.348544262990281
1.1340046057448
0.336000982553147
0.544858344850086
0.331786848442543
0.322625220419174
0.963198111883121
0.500763988808387
0.42469647827992
1.0279497844638
0.640327653285424
0.440830683096841
1.01950506428337
0.98579168037021
1.00001626746128
0.713176635897979
2.75052139064233
0.336763730092075
0.463247656500585
0.633463730430096
0.286229651711618
1.33180767845428
1.48596409962452
0.549200843356136
1.06581985354704
2.0290364193769
0.818734353518663
1.68755347582587
0.753029186984696
1.07132200741895
1.35539114928856
2.49703469441043
0.407860510200963
1.13360722511358
0.67009650586309
1.20001805787342
0.625329775386669
0.838724397396841
1.42910307156422
0.812226080257697
0.642616578191998
1.3291469380438
0.756992952568678
0.71655386447657
0.617899036620458
0.820160340816888
0.610546802533151
0.855642129265773
2.05933699517011
1.1942609879147
0.967999104438211
1.38653826984696
0.976255829444609
0.634290842932077
0.867941449996723
0.434903919034951
1.6485866965307
1.82974230724653
0.84196799312222
0.641452583049423
0.448906265581814
1.03714083274699
1.02851220725289
1.16856147505635
0.942625957637666
1.01838746471984
0.766180385206217
0.776817823247709
0.623267418861205
0.492171859455205
0.365527099345424
0.158579087158421
0.261309551988511
0.240077319165138
0.47868995710917
0.653024508249103
0.548608832860941
0.752549141753892
0.883183395218958
1.03674130559558
1.36148496601594
0.31689827150749
0.8151317548929
0.746203147962099
0.865852854653236
0.649678232009364
0.577982955479492
1.2436311451244
1.11365812686405
0.44825627525275
0.411716724153913
0.434368109159553
0.821314602849815
0.854871788928401
0.874080177857364
2.45846559650041
0.605923832430127
1.3657439083849
0.261559762867382
0.623767122422931
1.99123753093103
1.54285194642067
1.75146726468079
0.985282100722869
0.896811559254893
0.552703179742047
1.26322575163201
0.861196486943684
0.589434547277405
0.573025003449926
1.15514556043454
0.591129215478956
1.17922848790253
0.733539016634699
0.597894379451498
0.916114462533228
0.715616400777993
1.47699176020105
0.54180296189002
0.451304047089941
0.861814144175062
0.980206714769076
1.10880220717052
0.89851830651083
0.338035005169125
0.970774044312832
0.864051224242926
0.746365494527663
0.964424920238195
0.964169310361856
0.639455240315895
0.574315507372924
0.887167957903401
0.944867577017402
1.75603855698061
2.63915725510355
1.39355100942937
0.84936331916072
0.966112857388583
0.706162180246445
0.358307912235206
0.446176432356976
0.562453631003916
1.02471895902823
0.919673311467762
2.22438955101825
0.927177121597607
0.807677057414322
5.94687223421492
0.301397052047211
0.782707699262624
0.981503677259583
1.52905234016405
0.795726789490474
0.904838880283667
1.20702583702348
2.47801190790771
1.58785747664423
0.716436201283879
0.422137061750425
0.497975206845378
0.298096127492804
0.346712648292249
0.513841601841811
0.873473731148481
0.431894401449962
0.430512908209199
0.347940665021363
0.456296122990038
0.407360326771444
0.448924794486049
0.47166215856046
1.00560711456593
0.774175367276504
0.83773196980674
0.609290948420277
0.738613987018779
0.73757866974459
0.432913785584789
1.04348955171015
1.3678193203511
1.12038639534598
0.628559965442083
0.685510403416514
0.858590268071186
0.278456769835375
0.223805675263031
0.765125084354899
0.781737984148429
0.445076455660009
0.647449324410036
0.945366055021597
0.665803670682071
0.498611864283826
0.142626641430587
0.731800561061172
1.65709338701076
1.22175319703418
1.27676544121981
0.812473477490543
1.03381436881115
0.601495892874957
1.04480541416289
1.02342765277244
1.94042086795582
1.79914371319264
0.22851044027378
1.42787381259887
0.316669766745453
0.951720210724997
0.919873928992835
1.51497479318498
1.71464959787834
0.838439998838735
2.20090229033883
1.72064545141583
1.48663484773485
1.3785907728036
1.18583066742671
1.60619891383461
1.48390519716009
1.60357274185691
0.188815778725081
0.382884782657558
0.5159605699167
0.475494382034755
0.175796641960607
1.37572279949929
0.634509161866129
0.0717174129628296
0.433822714318883
0.66686618300989
0.306361782963029
0.836672529115276
1.53028085678253
0.204174042204793
0.817592252013703
1.27697753147966
0.954713536218738
1.65490189715605
1.15330669971534
1.40556998107188
0.216752370658148
1.40484399739901
0.460221187108633
1.06604376591434
0.232661809402429
1.311171067067
1.29945252047305
1.39430381325416
1.24186191940747
1.70677715795916
1.57175597159828
1.58243695476678
1.32464466571619
0.486586305922039
1.01699017387087
0.691145085410086
0.523562526554049
1.58743772191312
1.19404986114676
1.60284029642807
2.55191425314841
2.61250947684969
0.806498556559084
0.60393365928575
2.42685532197489
0.05187763066605
0.198113770507012
3.39561388985732
0.861712438447663
0.643073473761609
1.0312353672592
1.40689768296018
1.37290552456695
0.738951610600851
0.345713754904047
0.151227439911043
0.355926320908177
0.629350560495323
0.137926325648173
0.253197376040074
0.62185265891652
0.455827364366038
0.802906833191977
2.09160522526289
0.609775050736345
1.08943856710292
1.33042839071876
0.84403510228337
1.37819006272921
1.03980801685074
0.782613828613634
0.620691218858908
1.20448940522775
1.03587095550212
1.81899175648279
0.625588285565462
2.10147166871979
0.420721499056151
0.521305823248734
1.08766101164212
3.30527943059149
0.255953653389021
0.206053155442625
0.522018477874981
0.527797974145259
0.835128623721367
1.41426961945754
0.553558144120618
0.227732208699142
0.676092965034639
0.388057747924331
1.39354936239656
2.02457572861456
0.343374406809028
0.988831847278095
1.96502063140892
0.32940545460075
1.14661364812147
0.467859260804483
1.50092097054982
1.47636845339886
1.78961767016773
0.930835672929712
0.414259025303255
0.605324357519255
0.482291371197401
0.24841665365502
0.37983766225673
0.597411830552636
0.230360802305565
0.0668720242366479
0.568646331238389
0.154113992516043
0.161120235172584
0.182649147797962
0.450728723523808
0.766730994240691
0.960446663097277
0.687663864202168
1.39553730262787
0.315644117507113
0.607301369245556
1.5588718013088
1.42985407638334
1.29783995184845
1.73732947285832
2.61722247423029
0.964246148767605
0.386965489205655
1.11275262947227
1.69383075012213
0.360775189716881
0.847054871819099
0.372671607486728
0.460417329042747
0.465239063473794
1.39354936239656
2.02457572861456
1.20564545078391
0.309656922731741
0.941695013154612
1.47140589599429
1.65373594512416
2.19031752613242
2.01023924984284
2.75255272721159
0.318129319497274
0.343374406809028
0.634550534905966
1.81819798637578
0.503364898469624
0.59746685795499
0.431793155002377
0.426628664124514
0.514492539391861
2.3776726243248
0.38225725509926
2.01953891913877
2.86060751555796
1.82626968062313
0.85578828082033
1.47778828211985
1.02888637483266
1.07105227401968
0.364197811488535
0.613606827093191
0.702529064288989
0.401189925454999
0.605324357519255
0.482291371197401
1.02359309049771
0.389481992253995
0.41589136882258
0.8756324643387
0.37935899806691
0.563895932035415
0.118916771814363
1.09153290870254
0.447292324832396
0.383609823630471
0.105106106286587
1.11967473923913
0.24841665365502
0.221966565540087
0.713186240681862
0.197309608520402
0.332886808173057
0.189502878254471
0.467447608145124
0.763348262562376
0.427010936192835
0.50645622319101
0.209569016331609
0.904736258724411
0.272335504184898
0.586803857884786
0.740782097381364
0.679556029196682
0.543372961916003
0.386256485360248
0.22852128239612
1.19704796353381
1.73419916278137
0.399550560037379
1.60821925665801
1.85966399285605
0.485364376178643
1.11871222794439
0.78708895712357
1.54530395550755
1.95880196094999
2.19906706376126
1.02600775117948
0.870188861956349
0.380925120943134
0.445410361002941
0.463653745202158
2.86910382433945
0.445757110266188
1.59012592048406
2.95719760333961
1.88065157533992
0.995508007579977
1.36972823608724
1.13674610127762
1.10124983091111
0.522126152052648
0.780055036702234
0.419349569704
1.5569101117109
0.941911391317474
0.780557273452394
0.398002439248923
1.8924221455604
0.816558369710932
0.385286482350852
0.781269130588576
0.21220882376327
0.237616641580216
0.684749631382899
1.35047407104455
1.62900368040832
1.10091473701055
2.55135285662312
1.64437718493648
1.89925627705301
1.24813447771339
1.86397984665019
0.571372203544608
1.56148048041191
1.93550494217426
0.669458143444715
2.51860832614567
0.660724075079408
0.738822181936065
1.76356748611393
0.369022389865633
0.473163730710177
0.508267672969747
0.63068214024576
0.504195143651556
0.677458122820634
2.55974674105675
0.209092247744108
0.312613366945843
1.44821705368992
3.47871684340645
3.01114317004968
2.72826133404319
0.844990170808992
0.284125121707657
2.89912570768502
1.69968320045219
2.13869515028232
0.876400702629603
0.936484403939922
1.18912519830456
0.204563508627974
1.20821106821041
5.66598693380503
3.55982643525228
1.7041756444973
1.13914753541019
1.14026334486499
2.0731885327797
0.399097824476284
0.490730031932502
0.394588381333399
0.856345751968011
0.796572529775709
0.393916602557046
1.2842735607558
0.909723748508596
0.675804388045317
1.11851001574689
1.39882418508794
0.770666874921011
0.89106237648157
0.658466933718589
0.724166068578521
0.813109257448424
0.471213298133057
0.595678300679275
1.18836020551193
2.20906318282472
0.777344906698463
2.44992757886099
0.224273608133431
2.49312330044181
0.758994334072381
1.21515650529971
0.954811077381108
0.533346204947359
0.166493672762351
0.698201066846468
1.87926524126978
1.05116061000547
0.816453649954583
1.00350150331853
0.886191282800658
1.19691564890664
1.00328176331816
0.964984200203611
0.811361934692644
1.27611226047436
1.2462688908043
0.571812733972655
1.32040035539479
1.01483645466081
1.36836583289732
0.786843068070728
0.552278037492691
0.364228668790966
0.16722871728228
0.185130158756496
0.634886979460799
0.247214116874369
0.938868572019035
0.64454589865524
1.21044290743044
0.556589183512984
0.516006095034463
0.137320830219809
0.190133544223168
0.735568242644555
0.776804076476363
0.577897978073749
1.94525416766875
1.78607839442025
0.22195420377668
0.392963332813766
0.717634815182528
0.354600536542272
0.206041440183467
0.636109167115225
0.643921233251418
0.240629591351835
0.187355834991689
1.29606693203618
1.05469813747876
0.180299572685279
0.123049049906555
1.2913573535256
1.86215650331086
0.912326007141758
0.973874499425899
1.19795252476543
1.07408171095512
0.734748886634598
1.06977579590261
0.342859049565411
0.485179309845846
0.348151874550506
0.45158284990043
0.23420441240634
0.786306000969168
0.10984470977298
0.304624957222553
0.123096685685376
0.216863282189463
0.218828674988509
0.0798435017431229
0.173167899291354
0.286589338711323
0.0965551706274541
0.0699379647205635
1.27105421976349
1.28256615922608
2.03349865224111
1.68670970640275
1.2997767178527
1.40938018593599
1.62779720468814
2.06355727746363
1.08602761845383
1.90278443353014
0.700868000641384
0.940715348332139
0.462585530215219
0.933904215814729
0.923074114166686
1.14607054563724
0.303575638632846
0.67061448879783
1.90062043146815
0.117925077773474
0.258813164514584
1.09544157366798
1.00818151882318
1.18037959170675
1.78965981686594
2.33853376876647
1.57037631511232
1.55282147772368
1.56546425074575
1.67508574105767
0.257191671388795
0.292411367472707
2.16842296148299
1.57048469300034
2.38095292663768
2.16379758724458
2.50253571725462
1.71274312168823
1.26991906389321
1.98266815694136
2.68047527607704
4.81153206245716
4.16569993350868
0.659181439776827
1.24047711120196
0.760802838893763
0.466993751747423
0.329394941541609
1.72357489514081
0.738454798077207
1.28888654496861
1.34998079614391
1.52749706212242
0.729762849636886
0.935067222547435
0.617682161577273
0.766901219920692
0.593327642026127
0.700266041852049
1.72787276331791
1.23715725079122
0.19416268860293
1.27724672458878
0.796526034963254
0.224539715876686
1.010104655947
0.905014410303739
0.325300161099201
0.526528620825256
3.96845619793429
0.331334653324207
0.330311403573028
2.19183451943474
0.316615895558809
0.605480539796119
1.09914713916123
1.49725180413671
1.2350391142685
1.28494370444209
0.445588479732913
0.816509013155109
0.167667990012453
0.133813959599698
0.666052181906961
0.556563709801118
0.203173823518457
0.277362572253526
0.141418323547111
0.30688475100922
0.411888887805872
0.765499052749696
0.219052970889073
0.332654493211403
0.178227410034144
0.104306558955819
0.712149794859016
0.536551965912611
0.343843112499083
0.178707898427982
0.356109074660214
1.10921501877056
0.599460078640489
0.218449561162468
0.55810768448902
0.405950678703402
0.559054881766448
0.550244632087956
0.102212957079321
0.830618777359944
0.337487262589055
0.277016292621808
0.597937531219463
0.363603424731657
0.601133433118675
0.712897413642297
0.442529086075624
0.770772578215523
0.170772943632026
0.683279231203174
0.54353800962168
0.162098580131975
1.06909327604786
0.531160769738757
0.565428042147825
0.97297863796095
0.32252536734315
0.538370661148956
0.391903834139255
0.448680699640219
1.33439079920553
0.754916308859532
1.40436488910757
0.155422730254823
1.13301775133315
0.354033226399187
1.00433179527262
0.223927659593394
0.355350358831479
0.402277319508282
0.185728069274049
0.716127161718185
0.931493264134582
1.41044011610976
1.18286827343393
0.338010002254566
1.73791546473728
1.92706190761623
1.42318290843478
2.81624366683162
1.82210824466109
0.399871044886983
1.17620155857976
5.2886251952885
0.09015924124685
0.0867561433859776
0.326166192559272
3.36706705845712
0.311673549342109
0.629139899997517
0.867341190656065
0.314639753225788
0.30340146776965
0.430937796270397
0.468389677852648
0.234541613607145
0.380672251759518
0.222619011617891
0.548041471280311
0.585701601613962
0.443493196986616
0.810034942976597
0.348816219804281
0.961644289040073
1.13050269063169
0.682973850725434
1.12409407876516
0.79767498083772
0.31723850894717
0.977516563237687
1.9299042116955
0.51755448636771
0.157196863138129
0.926268583546544
0.860708019741912
0.532394511076802
0.758230452674897
0.759683980015714
0.66078378675734
0.603728251904586
0.707105027686274
0.99999374061388
0.763692156032036
0.770003396271381
0.635593324955398
1.17387883552322
0.698721272902557
0.438123716463324
0.580470659780301
0.764112404192586
0.558039784879377
0.601941887377456
0.494435195045844
0.903857444747589
0.913010718417332
0.501411251514237
0.499943191258657
0.147045449613967
0.651517619504706
0.310935552745017
0.0989896351187309
1.01862194745527
0.548626551262012
0.850250802959076
0.0983670111338898
0.294714214160676
1.90873056482299
0.139549888673531
0.211903819680912
0.167900568000024
0.308549697579086
0.0863250296859015
0.370529864598985
0.482147014628882
0.350770744668035
0.218579431235987
0.283376518447106
0.973193106750847
0.812903666233681
0.238682033663099
0.407924056203609
0.160516256093194
0.25793876501882
0.587745927918748
0.0305081433826549
