1636.93440629293
462.803085183816
2629.94272127534
6158.33966803891
2235.52422555136
1411.07434878777
1502.27982762537
1610.34596138966
1225.41536777434
1137.54234571249
745.824617617651
4171.40297206863
1973.37976449029
2252.24147261073
782.346924877771
589.718747635212
1084.32902984333
937.465236428321
1206.38925446545
896.469962315236
1356.25999191205
1798.01978284483
665.656855965459
975.020273290917
512.39161876741
1171.86300574224
773.466692875244
1071.90966816439
1341.53546571906
2990.76838791622
1334.54065693187
1300.63430704661
641.622157222485
702.657997733107
1148.40587526445
1445.68091979011
1370.90250927492
983.145012461901
1053.56250835799
1971.50425860171
1259.56251147453
1682.35104811576
2510.52182335413
1570.98900984302
1390.46566711085
677.562490938263
641.840435426081
791.117544869134
1012.97164411344
912.948611545687
835.448478977068
1339.73408893339
555.528630580029
858.117645290378
1669.22460551433
1809.05171850278
1251.30550451061
875.979418375727
1834.33023601067
1186.36005950707
1218.4171867168
978.193399437392
1917.75902754412
797.759494129251
1258.47839934917
1217.01859985415
2034.63766962467
956.950805305685
1249.45028815403
2294.78352985262
576.641780733728
1217.51218257422
1249.50040450349
1509.93701891195
412.960565261115
712.077949347225
1112.984030885
745.347757827
1123.30567429448
1096.44912339233
1522.08403426948
1494.25043330478
782.462221564867
1095.60410334661
716.015091312519
1083.90869095375
2503.23725182239
1374.97444912521
546.059650276633
711.988783846137
1070.4856240068
476.746025825945
416.05318516925
285.952665151232
449.552064700026
372.235002489311
417.30832531775
650.525379623275
419.78668392101
437.996691519751
401.729340124518
622.610395572142
1180.71738488812
1156.67227335257
300.605233100602
452.293217207883
723.065225731497
1182.66271693992
1021.78178605941
562.420462181012
725.56479729069
1387.49070774828
172.708683420719
375.263900588696
348.673231782964
788.125908093997
917.08862274307
1077.06702812077
1149.10483237647
668.161910885245
975.343835006419
574.41506180116
585.686294348697
1125.48772971672
670.095901956959
566.631247572137
1192.35163687437
905.542808963911
1947.88575754745
621.516222840457
284.810829339433
542.508618909427
679.496713768623
1248.73414531798
1288.66547362544
967.835296482297
959.334524314901
1013.57285939388
599.382643463502
656.277147872875
927.927317830292
633.018516219401
732.74348531422
562.369772607524
1716.44454217163
1171.6644018259
1015.96241155907
2749.62296442018
987.423301991252
958.774362618398
747.129365881794
1849.09975823197
1653.94699041206
1415.35498718863
2011.75741753101
1032.61885805529
1267.71618134645
515.40403033837
911.15903820096
1158.43269523703
970.004557218573
1103.40364329985
474.71689342928
1498.36558765542
1208.83134988721
583.022455200137
1260.72723485024
723.719416945467
537.952079232
660.937261829171
423.828119253992
582.284344896583
1402.37743790591
455.984278455945
900.130834757309
518.335012623168
903.597926848736
1013.37189751394
789.645313346563
1141.45146661338
862.606177785982
1062.31058187333
1203.80909908732
1188.58634433471
1428.14686693044
1195.52887779347
1489.93601764349
645.233200257274
1979.50264626032
686.689605834312
346.470509722655
564.983259048296
550.737125482502
612.554260432374
332.28003833069
516.94690703556
318.651900470101
684.117666667713
773.478437939131
789.154202794468
832.115745142186
877.953706987623
881.00603255638
934.611425435317
2029.90917784847
1219.23490589228
2106.0861397974
353.765164756205
1987.23527644898
1784.08241747685
1543.79524296259
470.604626275936
1211.99777330611
1423.19213337959
1274.56517385369
1997.60637447205
1003.46507307825
635.695566112895
750.094686374473
711.628998419878
1331.16135234708
858.299172759613
775.342874529956
1807.17697882843
1369.71907125293
1237.64830017146
1488.51070219367
3934.45736691749
545.120164344209
899.771882752075
1416.28056343977
987.415384470038
1624.13960142905
796.108736861848
1588.19133526848
2036.23937411948
1814.27991517761
1863.54794549089
1014.98501486644
2344.18239307609
3740.91131718751
1064.35364860588
1606.85558628475
1443.7938530604
1375.14974660209
1502.89317457271
2473.40021649084
2065.0653063842
479.013740267782
1185.64561246445
417.876027909759
1233.84569856751
680.145154629617
1436.73927166911
1193.20345625449
1657.8395420698
985.37187973016
2374.50562129568
2131.55352770085
1757.0738245943
1487.47002007239
1221.68773183853
800.704994606823
1300.54179079872
3299.53739636109
3899.58910063437
1690.93745361519
1162.35399970423
1418.6177109283
1730.64430922064
2688.14309550337
824.874024793436
713.170809528018
815.029574218912
1903.608483713
366.192129739411
1129.89510868421
935.214980188
642.579892064264
1009.03474237975
420.046494904695
356.935487104552
390.843184650955
298.87419967801
507.4794090721
549.575665567645
444.270369959973
627.862265350082
447.207303067381
617.944768029164
535.730208880091
670.943621866349
824.396742645659
624.438104013605
673.663188584052
453.332061529538
301.459847979932
433.150015849679
408.729438130593
275.028916882196
396.350810900554
584.411198327808
318.876938795141
4152.00061298569
906.073867338179
996.318533535992
646.573355727531
802.085959781629
437.224972130893
268.849359895384
241.537786952883
291.684081522319
350.2024998765
303.917574642908
308.69377659245
387.511308605959
572.178233064831
405.011932894918
167.014425092519
237.421558556535
581.33241201967
113.888657049313
244.487790449105
314.753366671603
371.658489612924
274.182531916369
280.563912325471
407.113104620075
1252.8068381577
280.444817648562
722.848704024069
454.073320887631
403.361723572235
449.932861500961
545.169636909141
491.930300069952
360.679878046796
412.417806274507
728.637501677977
1531.39255399191
691.535276221324
461.809892694357
350.260220180593
1222.91987347743
689.028016063566
936.573592730984
384.16059614824
421.590831647262
166.050149512994
299.301973713414
459.149992470954
619.739305917366
275.334588742614
306.160629322426
273.712011279839
461.425971159977
414.338311388549
571.629292250837
281.278407241964
505.98417123874
370.180626952518
134.537639007049
168.462175052757
365.593210210489
355.842233920959
93.7583253705944
846.764885447892
152.096699614068
269.860171540935
232.172134006478
166.89597059756
305.741183913344
181.597162548312
282.780569187934
140.956651293993
258.628181183121
139.643301662928
444.390388221067
339.059127784067
1806.46904834922
706.856222501387
856.886458010053
471.428300382128
300.958500698362
277.428216467046
854.816376347968
703.287603756378
201.199406999985
1471.53619556725
2295.19128101412
710.920606817635
861.496610500706
740.904085528599
1198.89740230585
808.257692124105
635.83091470036
697.591488900249
1593.13060227356
1154.23906768057
1301.76298758524
673.278047595897
527.318375676139
697.879900239379
1107.98977976301
725.26027054708
226.101072249267
137.025206290043
257.283388796704
280.163868106315
141.558467662888
409.150227882231
497.758736290949
149.63064594653
322.559203151664
258.940469644296
578.634160175149
261.674340247511
197.888952257191
1437.21173450958
353.943288727435
244.613817573528
460.828066545436
276.566119135755
346.023155977367
288.029823268495
303.000608116648
997.594782945066
576.194834318326
2038.61253251173
550.8978120857
2122.28557942448
1769.22002554508
2570.86454613008
963.377623904218
742.3342698846
2596.79874942287
1055.16469633139
3559.38585146473
1386.39418539741
1117.33442694974
130.95695926275
322.472394169686
668.274990308926
155.060402121206
57.6849494438772
208.704419651721
136.106406384335
319.199354203845
621.053976873564
778.761027236083
372.024912718994
257.229634541941
485.815882062608
192.998446521776
1080.53304770707
391.588215027239
338.07168883167
530.666961812381
758.920446825768
287.364124646444
389.998947445567
173.543142550473
371.499346621594
94.8759656056596
936.118484791085
729.000523998785
492.44815343096
373.653854223399
319.312227952881
535.393782701516
77.1468417569593
277.718412421769
83.7989984408132
167.520751985013
245.342503551038
131.112400550386
630.82240113127
1535.94860792624
278.286580503134
1999.64560267537
107.967433429978
75.2961015842214
146.800647734603
663.938440684722
1017.60191543408
417.639300427881
542.650665151958
511.765028851659
371.385462574746
711.618121196841
350.444166658473
847.170877254647
814.085152899677
271.883766691897
186.112242793033
388.212263699315
384.548967185665
274.626323111694
253.419397722926
543.517883911589
341.725261865639
389.463958752424
222.899884565701
821.865387197185
201.149288144238
270.571771671705
343.57586269111
263.758953585853
171.307176034605
553.568046005395
405.879618065673
592.731162086304
221.533419215383
359.354939565817
228.105560932186
787.543257842902
130.883683806004
722.501125037139
336.230656795002
418.656156004926
878.300438590196
578.789834649685
357.115223351338
2086.5773595208
312.817232785144
422.798414520944
263.611278262547
486.732546763053
362.458938010945
419.678218842629
391.153232857542
703.917892210732
718.441693635956
2097.70249371105
353.250968215455
518.767343490798
205.715162961518
259.007193299781
234.153719692319
1838.3600564134
1723.5636112017
2842.54579211899
1010.60424712392
1055.12350237265
553.053548437023
830.746996798678
532.202740261435
2004.32840491414
560.666151913974
563.855217977356
925.606306706927
1483.7940323663
910.347566611175
621.425882164651
415.900352781277
312.095145275965
621.274246858286
215.766105535109
484.69147981548
504.161290415333
918.372785235292
754.644432289748
743.730331979282
1052.61063306761
327.951823237102
488.232440175
1441.40263758855
1275.13199049826
637.459711913145
1436.78298032979
288.287093213537
1053.41299280105
755.447657267642
839.018120475185
346.521629750193
905.021659066386
380.300960978545
373.010082917586
788.255500284334
724.587056924438
469.64198686117
642.144852515588
459.91166695828
9985.37780682235
9646.79314290202
265.025890415716
135.548232414949
755.399726226604
156.778459115574
415.913300832371
346.575747474536
334.377846100812
813.519599805055
369.568635422575
344.07154588652
587.669350458882
233.671564689675
669.437124800493
1436.8533956238
1108.18972777287
778.349731358829
641.989444354724
1973.8712985773
165.727759771072
376.061978260082
812.985379043899
330.791109251056
1284.33726941113
1270.46632807664
345.846203237181
303.276963549764
455.239391435466
241.797576327792
531.940655781773
332.808517956197
382.752933100656
489.634734222872
542.976143017591
266.553374562698
264.493314256199
637.391268187947
224.487464727825
203.153939784333
145.863622980799
329.306906262392
1185.74562432653
548.184892267312
666.459420598785
480.672175901435
452.240763458036
150.343663140617
202.509313661628
195.339847317157
886.509213965551
1564.93071751202
669.634963873364
571.626359594646
1690.29526892987
450.048140323274
266.053800921438
235.188131234882
210.460335131252
254.122249314938
977.011870388147
473.571164990627
551.221763013733
107.948904800609
324.227188753117
233.07917958158
736.470045398032
649.219251426098
391.976786835333
474.569711865757
279.671111899369
197.705709372332
364.572787034517
289.048158028096
127.027220813068
274.320180829833
473.840951505734
873.614117965292
299.639737027491
732.363427924206
95.3281446151838
191.237129960045
178.298446840073
524.824360012834
335.181066552772
155.949286699881
150.675321566552
110.078925032436
157.789825170417
258.259640399465
172.85421226998
231.042726570515
305.67015337155
254.120931532104
219.639513765013
227.893445487547
299.125523286337
449.501053348422
992.953837727276
295.245422786542
722.627443399206
212.236202007156
437.656892925266
2156.5708164717
1666.97559272079
12248.6857717303
2409.8899100709
356.23234236396
920.360168117655
232.72163162108
377.922724404824
121.041422760069
480.337832699845
652.695628363762
403.388879364238
384.873850909045
258.911034764418
306.424707144618
208.076537167489
916.303178320117
18408.1080485066
771.145093648078
307.582662148382
962.147207142339
1702.36076695511
1571.12553122737
655.116302747484
356.215946733693
1110.75780807125
294.64454998159
271.894056278036
358.346294208284
2545.4745779578
323.13002805317
150.924706333979
545.312346811616
574.293534750081
1435.03399713404
1174.46807710271
1046.84856643101
1191.27488246981
956.484218163938
2258.60298374733
305.450862932056
584.946515286661
958.031499205223
2004.5120189152
1103.51659795648
1315.88514149062
459.587715569117
351.38706859418
9738.9173417901
329.079031975596
1056.00433306469
2055.74789502923
2302.84674954081
456.891009963271
864.756904899124
746.992462980678
1141.5561867693
1164.1829561436
617.57249771059
408.426367138547
677.082993639893
242.464498492729
190.754892437
599.03291144151
464.238499394426
302.870384984951
312.321571482588
307.101423595946
422.170698918361
384.853138383235
536.756321503421
496.767150039601
591.114882881941
594.505971665149
429.425472046108
204.712880941824
318.892877010058
450.847566726158
187.133417492134
456.8455916192
745.860336528459
549.40786244989
514.918717531858
426.249714047914
372.109809676386
172.955740462568
286.577771822503
680.417971499197
641.341352782082
419.487687840375
949.049559286065
663.023196928535
362.227317820966
373.769123507211
38.0671638548221
410.9459176225
717.196439405717
1506.32099568693
738.166095963447
337.081079359563
734.963179078222
1233.5726800744
1435.06280566202
1416.58934720113
1833.53083547899
1695.97054035731
296.579365273007
692.047659795108
241.176842654305
579.091744007315
379.182636105006
865.317234844622
734.297732303384
758.367447079819
1036.13256027087
832.761327831326
944.283554868112
660.675126026163
426.047742430308
376.509865095963
540.168717272854
353.216677726663
74.1238107015811
147.055902913781
221.066142824224
194.568647934289
75.3202288325423
1458.75399604169
245.843323949646
56.3838967886322
164.237840840549
423.583407530484
108.389572762865
328.713880468299
486.740488730726
65.0588836900329
275.401353002834
1189.82849858685
191.909197375398
436.98093984528
128.928566414928
240.203423960983
48.9397031466522
321.542710858801
100.825035318698
296.19728274693
32.6379762652495
221.788527586177
235.840915679875
252.23147160108
161.455375019938
547.916643959321
785.846933096215
1060.43325151695
327.754110690367
50.9567853872375
108.498054801308
142.784475923587
70.0589511231563
302.342812066137
334.56174842314
532.836191916037
1033.38277874331
1620.55334306835
228.035358622941
302.889268887385
1474.46958488815
15.9927689655712
209.484257397229
1248.6141226187
171.318920035993
170.469930139726
188.598858594493
240.815466892533
355.353615577307
138.318435580404
50.2013747141855
32.9855658125947
303.436154250964
211.595953798455
35.4148262372808
50.9359143224818
166.730897812162
115.772430985332
170.941637329678
394.533683841929
306.031052650761
225.866876096093
355.402244083704
235.774252387566
305.590552099219
222.440046879626
310.537093768362
363.951891768876
237.572468748386
214.63881072793
498.112777994121
232.001769416689
1089.95447656786
86.8614798814771
69.6607334550955
117.995580907905
823.451665456648
80.5733123256531
43.2189106083948
91.691224976355
98.9810930522122
149.561377912537
207.629853787195
164.562167255853
88.3256878963267
165.33119617564
88.869044219251
292.508731891446
655.18298506991
96.9466397390812
393.078025815555
740.38276970122
106.610061563266
439.886125753103
156.154689385788
270.650476181434
238.779547675981
449.004097133341
254.155540646366
138.837918645984
190.511191256349
107.972163753807
79.4750013953224
164.494521420854
273.032060688729
74.4494533575473
13.1192941698308
155.831737164572
67.5932279033437
45.0664876509165
41.7434876612382
98.389591658923
103.250634382872
209.787647368878
249.984654355985
451.042832557422
198.683431174221
346.738696918588
517.846482529162
1074.42501661195
574.265176759171
806.906313581765
1571.65599010787
587.236081276297
106.752714193955
271.61339582273
925.844857171888
128.95603997846
258.625862281107
117.116076552622
536.870910829246
251.584031932455
292.508731891446
655.18298506991
423.775967941141
209.568339646582
494.670396323448
472.739080347197
444.711791352633
373.566719987169
947.928875856982
1082.67462642192
184.092511133936
96.9466397390812
155.465158127432
936.211459245466
172.689212479571
365.369352849685
121.259638531822
427.501606568749
287.528560859699
670.19409667514
373.081367082376
1695.86867838295
1347.05811501004
773.664115184077
386.160076867763
436.565772914862
205.089872922284
404.888833195964
244.55207294902
95.7189817065883
157.845597712265
48.3135321915906
190.511191256349
107.972163753807
281.725464079378
126.637745773104
193.397787039913
84.081919750762
113.107460512554
249.825717128963
66.7951937825899
366.784703779855
142.03949212554
133.673745169332
38.7876257616143
271.141273861257
79.4750013953224
52.7603335651163
337.935224185109
142.640245454999
111.070583756559
77.1085772543864
405.686113303312
231.386897243246
93.9736212576531
90.3894591542968
67.5444109256945
261.411884954271
70.2178849131602
192.236198195632
141.481207116414
183.072223734879
193.616552735675
187.723932230712
158.786364671577
286.480471439569
701.579339501669
106.717379237823
358.080398485612
729.42438679573
321.318534188856
708.150643195733
560.027958998693
529.772987010207
929.861752945317
470.812421682938
864.540934502718
1232.67161149761
98.3527013953956
137.042916968702
195.627776783746
912.634031389736
112.185721294656
1129.75463458584
1376.40174965686
771.939590507623
441.283898666181
522.034817498082
456.572803093561
747.4970069264
580.417475116159
143.113708092613
214.906683569552
1057.22977811434
649.962403555328
229.81112890636
121.521079713371
1153.02609442777
348.748593440257
262.96413112189
225.349708670695
89.0145489781652
116.796262332051
330.982607758458
419.043928103755
1832.52500419702
1582.3410455689
1514.50912074006
1560.01824400596
1931.79361853185
1071.04558829002
3555.51622329217
1042.72529187732
733.752073619961
619.422767386589
367.93217008313
1269.96207202799
296.485664592254
527.770911544513
676.113510627566
143.33120397371
281.43257284901
189.038546189231
245.586621163601
313.705605712833
323.526945687364
1054.76311134554
549.041797166009
141.192508243229
288.692336982888
1155.93361165592
926.059712505808
946.394581473506
5754.57715495492
1743.98215395487
771.527595684906
660.406376680984
537.478288402387
236.292933611806
398.720830132647
785.493287041855
75.2090829723296
385.810183824071
2730.31574215672
2733.65852191195
4201.60281501111
1952.80756364805
4996.5594342488
1102.22398624528
221.154124926882
378.414528616801
233.384962433316
399.693123044726
654.101330797245
174.105707269944
797.617809349655
807.760716323425
185.944934583047
426.194249330071
717.527796428898
3071.47853804083
500.011107402858
385.171372312208
401.432325487759
288.443612879519
165.204363922683
257.438409465089
490.862067282929
823.484570722531
2083.77736897569
1657.13834037967
47.3186724826373
1933.42152917304
179.867333528067
493.930510166536
2002.96479284055
348.880035616999
84.0459767521944
262.021595923305
2063.97576047535
577.016884054396
655.340687728139
401.768899397102
331.945864173664
446.658018294676
401.701159346542
704.894244817424
912.805389247977
655.511399001873
644.936525832617
462.98072581896
422.149918829601
253.917637693283
975.097332847105
1350.75455107507
328.82724626734
379.669350044075
99.7403116989802
88.3732679020032
494.23103101042
90.7209059037209
1405.69376808506
200.413167490584
514.668509187034
332.272837901447
377.881676274314
142.550504070356
91.167261754515
415.914861176554
465.463942059146
366.019471582656
1186.69916911028
907.659147477203
214.210807898265
289.231234376742
584.619604530242
298.949342933451
103.758197492561
367.496012344582
532.685649737882
209.761828000333
109.04175302222
975.669103699364
641.978536223293
114.701457290873
85.6509366666722
576.731613532403
2025.15907259839
1111.06928979983
800.554702064948
920.431035135028
596.193511286418
508.071722033582
2143.30864163842
348.785468380753
128.403143030286
123.497322976717
126.957087706471
170.794048333128
323.810402305467
45.7147080563492
149.023313620491
75.0495975311097
76.028249901519
88.9131944206376
21.2155037857132
60.9300163287816
74.8217378232886
26.129699503322
40.8586120912087
2013.47266945232
4276.69488663222
5194.56599628318
2933.01375386884
2496.65299515724
3665.51468931167
6156.71584777459
4116.54587990229
3066.04167228871
3428.45129311868
723.978318721023
1320.73190620237
521.931502910135
528.223924569391
528.852098556051
477.59578237572
205.583818221428
344.943936250022
1825.43955086556
107.028772452818
266.487648010889
727.592694251686
1431.86467700531
826.367521726968
1512.20551108212
1560.0222724082
1627.79487895347
1885.90103046922
1635.48327003784
1497.08957096102
341.909427530181
175.043000547342
1103.38395284617
752.67818699556
1646.02833147934
1643.42509955375
1813.55812933178
1388.66148544498
843.271143561137
1305.38813910496
1532.57808194722
5506.76498357259
2246.42884883452
251.379983305956
696.174538882266
520.366358545576
216.836340319469
137.793010724851
308.063246249088
308.634178077237
609.323281396642
312.853405729768
365.190117785065
966.582738077246
1999.21438196631
868.194384924515
1062.21242860172
1015.8369277798
964.265795229956
1138.26318033282
1621.09482324262
235.04016911346
1696.81950247553
1507.06715245803
53.3546746582815
755.159456481271
1124.74119338621
577.928365309115
716.667014825864
6970.1649443138
1196.37090972597
34.3546812865247
443.229216522244
34.3983154198951
85.6181614178355
490.085438509115
279.124582061621
541.194611157066
1860.26161153204
83.8826258494339
215.552128641445
16.0308993138797
25.446924106685
184.186187037069
98.3572287673113
34.4644713684686
75.3748010102581
25.3856841946961
117.973192196855
60.2837991330145
119.38159217769
22.1517872696763
25.048543550827
43.8969728136084
13.2889115292977
93.7547790742801
124.692959619461
67.4220298611545
66.3062984279998
62.6102218353197
130.388001368656
109.20617068339
25.1681746502594
112.951854931066
67.9647249230201
111.103342338515
137.806358360569
41.7026726998496
369.527418446029
59.0729939145645
86.0929101722401
154.479372685835
78.3037162646624
204.343349678142
51.1385717280541
75.5632957475336
168.224902567568
38.6650117895298
74.6371660576266
133.21562815881
51.0730851502589
286.593581579543
139.384838950571
123.920958710785
159.403603477394
76.5126455226291
35.4933456068182
88.439309115764
100.308747767443
192.043138389831
113.976311194592
207.351872216338
28.0781735678376
140.805966252037
50.2783018429886
86.3833520796061
91.8397363229443
97.259555429395
405.48997131781
1302.83506920908
313.161596935112
756.460590399774
1830.88046028482
966.135799100805
119.844528362272
1096.34862901762
1254.43943662789
448.115869882243
2168.04367956726
1857.48137570236
162.810685372757
639.457663175483
5364.9713069087
399.363086942286
706.931176091625
639.076997584325
11393.0008463802
72.8356109302154
200.588699510401
216.412635000116
485.890185309325
72.9551664805876
1774.28493230835
780.829356949941
356.086571166969
586.603288052188
277.360263402452
744.005314372853
907.993533334605
905.585291728401
1731.03459273746
555.709108931504
1050.00872999288
1243.03501878456
887.666002091632
1170.44486616958
178.627732124791
31.2364559446341
109.437254943298
1579.76685430911
64.9958672510831
26.3365813030548
1103.12720010772
1107.08933904819
685.914567309213
1829.15621354388
2156.68969708447
1636.47152515676
648.778474228524
795.929481987758
1311.68616439803
675.500543024694
758.58956860582
538.497716237247
916.537009865691
693.979408049284
455.953485097498
595.565497908398
634.141313242747
637.590293555834
619.908727772183
468.325151305528
727.909755905963
651.201925212294
499.224933229271
474.520355454092
28.7234100139411
520.014840240276
430.262804092209
52.8395578708132
1290.8198475228
248.117712702512
416.733645706638
25.7252859954333
266.748521488679
661.178784057051
228.431061440926
74.394680672446
93.3280052229874
78.789934525918
70.032855826416
219.45878593278
244.44061941664
117.263591775098
119.413585947072
258.436592357719
1218.88540912681
229.177660038224
81.3265387747084
86.9892257841981
126.389310708887
122.372245247851
81.2980930704926
10.406903991434
