1498.49203973615
360.941081676123
2218.78045349597
5383.93418804942
1815.65628761873
1076.65472625644
1169.5495577022
1170.98018655479
990.988467070546
887.602290017224
593.641682054037
2959.01007520615
1270.36358986936
1874.96035681044
657.258424174853
457.499945249564
856.798399637531
729.080948366951
998.084508327313
774.491024021809
1024.37851637989
1351.33621232656
553.556862564352
820.130772461531
454.174740099911
944.475960813198
602.910977307521
842.891333940184
960.350986546868
2368.15837871275
1050.96040850974
997.280344317222
547.225735877278
564.068638396166
1031.53230993305
1133.33333333333
1246.53658266313
733.276822385783
858.063780763995
1737.04909688
1045.26789855387
1454.92610271759
2111.81740847048
1280.30708120861
1171.81357378994
545.190251803551
541.737924065003
650.130564293093
865.592562801469
714.740708919391
648.030339764198
1164.30096082806
451.44238836414
687.711361669002
1550.66535106831
1588.84302296014
897.413396630633
723.55275453474
1557.06146245834
1014.77969595724
850.356807099231
739.162900874962
1605.10431902207
664.790721287656
1041.66666666667
1013.93605782733
1655.61240154664
757.124819205231
1000.49826414522
1794.55309541804
406.549066463057
1042.79237470343
968.884545005938
1341.10255453094
270.316788044471
501.233947220068
858.026609139753
601.416291946662
974.489123292817
948.517098209333
1392.48594497091
1304.56300866548
636.652527069074
878.776842087425
585.84880149225
822.758308394947
2143.26099592337
1166.38752924404
434.951707439865
591.024890423746
908.483043810125
379.528597365762
299.30325126308
240.803251568516
349.211969319491
283.04053463285
337.516689744527
512.561282973575
343.19128424
338.204342449131
358.797621496823
533.644403476158
883.093290713634
892.529520664128
245.070558536579
373.255976403961
566.155877454557
1005.57650816558
868.763778816508
442.625653881179
622.814857036913
1159.50075352629
139.091187146542
304.68253865517
277.486004114301
687.884764677148
821.861439109831
898.888378288968
921.469066267231
551.796918951149
775.184083005657
496.08473640325
386.118556199722
1032.84653761959
588.211016221749
485.254105007978
852.887883845372
799.905148603334
1817.92336037834
518.044632381182
243.615062878349
443.161482558722
538.497964466693
1001.5769616597
1090.8441936291
746.171596914956
796.86964835976
828.63274930342
523.360731104018
529.947516759282
841.236962332393
562.902038658444
619.311796122271
462.50518006143
1513.71549903809
961.251921597539
897.709290547742
2583.84620408956
846.684061314528
853.989066648843
571.676695832984
1520.08571415855
1358.24895188268
1171.60007912405
1802.8728992898
822.713624995055
1082.5918805861
444.446324896368
709.016105429321
1031.39960984569
802.961168759862
865.210394772696
378.744246170096
1186.5185447396
897.93879450842
441.301214327323
987.562086668262
568.389520761863
468.553822266813
510.547928013133
348.682742952726
482.926193469885
1256.37034089725
346.3522948511
806.064804343762
434.44682184385
716.777804587071
846.264297290527
605.823736181322
908.791248430887
665.225999908808
920.799792472139
1028.71459566084
1027.01164008469
1215.43902179602
1022.02363148675
1241.84293305909
508.92675435577
1793.47225217371
496.017373291139
289.067267755867
496.565882514978
443.215248953904
534.83199280129
258.375673444467
461.558234346809
261.505233994622
551.171736336406
683.624673165785
666.601647739919
678.467307776837
733.579036543715
772.664846818132
749.464975935598
1756.50184522692
988.821233601498
1879.40115077181
293.297929779567
1694.62193497237
1453.33333333333
1278.58451236303
402.025833848822
995.453191534271
1234.8521583967
1042.30340475912
1583.33333333333
870.752017989678
545.258366248896
616.164967188616
551.234855450283
1037.13304899626
662.236706792281
666.488636423508
1253.86029259283
1185.36091111439
926.164715239089
1278.62940692976
3477.0455634109
464.079675837113
787.411564295444
1236.11111111111
861.636591601428
1304.40021020261
615.052320029651
1336.45228550998
1800
1646.65621176647
1427.29030408781
756.814055470063
2115.21817245676
3383.26966928329
886.666666666667
1299.93997192466
1254.77443872376
1110.35215373353
1335.63866118619
2141.16422111027
1624.08681701512
394.839515585692
976.73640035072
333.754538074869
1009.1249475236
558.807593215373
1088.88888888889
1066.297654218
1441.28093176705
815.805963431156
2169.64839727247
1813.00585242239
1062.03181544207
808.226437386
1009.80010536362
613.110579986835
1150
3083.85013936454
2964.21114919684
1343.01019642268
1018.00134249701
1167.35115035021
1486.04243423831
2205.59864950396
667.631017397905
611.900172415433
686.707702280965
1499.36572239698
272.42529519709
1000.20745800004
767.592625367473
537.635353932656
775.300668338022
326.951326746543
277.917270120172
303.881862916978
258.828302437169
418.81229256834
459.905245224812
368.829999005766
529.360505706675
356.692482978768
518.510924477568
382.202656571723
544.021767955966
651.526942794102
530.276612835303
536.614553489097
329.425932988948
210.690986666144
325.360575633791
278.521859776607
202.864600274115
313.317123424203
455.389488530131
222.914042881432
2996.96245726614
757.030280258413
778.760606542024
402.293881926944
509.461333357108
360.485859288056
230.825581873657
189.384548151618
145.563911753815
239.345661639724
219.196866211796
172.249695237611
311.484562421971
431.862864957507
335.922170376256
125.839040807538
192.919210223932
448.444504519818
83.6714905156233
198.670449193021
252.566646935352
290.087795069897
210.030075897853
222.617634395432
375.579432548196
1013.81076535756
233.117056889357
586.00807447833
374.619488026451
320.75339587361
394.211729270477
429.131343056641
410.019314826816
310.900678961459
336.455159200252
602.913276237621
825.788377579432
583.01581592161
339.713298430078
256.863937147877
1136.68652159458
581.782389644485
787.922303571178
309.078836771298
371.114689148378
131.066032599046
240.73797013471
342.933006553888
408.378582607252
221.752359055738
199.032069770938
230.531794018852
369.36998061652
331.519394233532
463.135330562493
228.468877742487
413.952961026866
319.909148468063
110.51834170313
126.782013025338
314.593837344234
260.458496590504
75.6255257905956
777.388994139954
130.919993709124
235.188298402107
191.122977592872
141.066211379164
232.270449798039
161.497749710763
245.541182180154
118.804291732833
196.539264441366
113.505189526611
375.742043268509
308.121871153411
1256.40501419117
518.645884453564
746.562510345857
403.3311122015
254.533676917066
236.09013350836
677.925132918278
585.721133717605
172.958281052054
1271.8949949874
1951.18630273376
562.334329866191
718.51976415732
622.416788495963
910.664179529674
590.87645625187
423.528358363572
586.537103674641
1314.54221155271
895.564797267657
1055.61950050051
524.302253075716
401.939153716742
580.921440433732
895.825483453215
633.766661805756
178.977053979464
116.284585527536
226.977296345194
249.429550910333
126.992575430843
306.396385882792
397.768836833952
118.241861640856
287.470121821007
221.908907106004
520.654593308447
225.229371591781
153.606293349686
1286.17562735314
293.478150821876
217.358700309643
392.769487852354
241.06544665113
264.735911224565
209.085793058186
267.314661335392
842.802849404997
517.086447976882
1853.40510731269
429.923013735984
1628.93992087134
1345.09245094465
2415.37035196117
825.541562650249
607.971402338755
2325.70494286651
768.999449045837
3288.10806061967
1171.423828215
888.621025439237
106.921533761114
277.586153202377
529.516064386395
118.176300878602
48.3489397857883
166.619647430041
102.279456617272
256.62427797239
488.686457748437
680.820187393378
343.328036463448
211.396106248596
374.895904429913
148.426713596169
842.708374136831
267.891047587666
288.579509083597
395.298673668569
423.312108974709
256.18031304702
352.579235312109
151.734750413795
290.672864466038
83.6340986395978
852.701993519369
544.422161723766
349.233558870548
324.905769383044
280.921618599767
407.019232758821
59.7493255799261
200.756356112422
68.8888888888889
143.575873241124
186.784260629482
105.556136847481
527.594908772052
1158.4730420468
256.050526266418
1832.86938248568
82.0452670426829
58.9080835592923
138.139265989694
618.07790303107
805.206238525972
339.941995816133
502.809783702936
460.594505179532
290.99125855852
591.029721414433
281.961979923824
611.679454386438
714.595597239725
194.992600460167
155.411642166232
283.200376114119
275.507638785978
218.291836737911
190.323344202315
415.588909200725
229.318355281895
355.374604062672
180.287376100149
714.117257472976
147.131797236507
229.236897980614
268.442576017959
192.04429722188
140.047064900955
438.781911921577
329.762678422366
490.860199161118
175.147201703654
298.026621670281
187.223764924109
630.359984995051
107.828910840702
521.29418655162
289.611647388365
363.162503539083
695.516308271237
458.016271995806
314.399931571042
1760.32887930188
260.704932421021
347.068287124429
212.423327688605
425.123366092027
303.903197119989
332.081992551392
342.62862726589
612.797990313784
452.053224030121
1701.83004524181
271.113819917997
403.802680473956
172.108039395788
188.19800159883
199.874738450504
1269.43935231308
1153.98826592359
2557.12386353613
913.822377663703
978.114069542453
466.57360061042
728.44183736243
468.025231594867
1617.38413879288
452.312157036313
516.928808937179
713.163378690077
1150.14203182813
713.953317739573
522.457747422229
325.882329536096
266.307476769812
529.167357495982
180.318241516008
433.797684613465
459.475551611087
810.160739509818
581.691981644856
608.898822142738
812.600124828343
272.034893916508
426.893410867357
1266.73216848605
1134.9033985822
553.462821884188
1256.41326833363
248.378654125599
917.699745240481
659.266530980594
739.587521668242
300.19680759597
754.730294519978
286.434160220148
262.365374302424
618.249730071163
653.181437690241
369.037918091995
545.752551211603
392.501654972026
6781.89350303257
8396.41157487193
192.002066939963
117.771272020927
625.890963100551
141.25786761973
358.730842403976
310.967223702773
247.147899115847
737.184519840371
326.72653936463
290.879833544703
528.582599695335
203.876954660535
556.316721260763
1296.64946728461
895.773334820615
680.186503324102
537.822766562713
1710.10048356094
141.075643857624
318.933008057663
586.680399879983
257.212792524339
911.37187831105
1068.53088191348
293.373105050968
263.346322147248
416.148250188168
188.14371806253
461.442253933718
259.425160435412
303.343886644528
402.812738051723
511.234997960872
215.861963885747
213.764513318129
514.034556471291
190.792344727682
146.897643726798
125.735087293965
281.182297326187
843.076421727134
460.316401536479
590.770836409469
341.974886467429
323.01493943378
132.422362469514
161.770655184814
156.276270893048
683.682982898768
1448.33370805944
564.665146713067
415.957673421701
1389.23057716705
359.792925104052
209.038860809023
187.871404152203
181.477382913808
228.88145398436
787.144481884407
371.11987269659
461.534475046532
91.8296603476584
226.761277218079
185.531619521928
615.502884900554
503.06459002347
325.398296227173
370.47846020978
247.835678394598
162.83408043555
303.341922710892
264.439427458521
100.50471290399
217.068432352791
415.108824847642
691.94845109846
237.816500561656
596.924909018167
82.6087715781421
165.209525465301
158.821492639659
471.742597873943
255.381089503448
128.826568665837
123.280614813317
91.9930682066667
121.373001282627
223.537443044656
144.763028910533
186.430278009418
246.796536107358
213.424559770838
185.216085844262
194.377789341123
226.990956586515
399.623323420402
685.782508497483
241.412811131372
617.519910155262
179.822336971325
369.007497685987
2066.72988714756
1600.78333025097
9205.46612319525
2060.40637194586
334.494978065948
725.568371616632
198.107807779981
308.541016464417
106.233409919859
375.281111908522
254.405443070453
328.284128350638
327.113733072133
236.467205970551
262.916186332488
181.177200017494
756.042450085101
15195.7835595351
487.33613528848
239.406445970959
875.413413239109
1414.91490368593
1291.85183470516
486.918104733562
266.67386537597
812.603215650516
217.537780677553
204.137509819057
275.46006090256
2075.88189808566
279.205619603147
125.805323246637
386.052721110161
488.724317894599
1348.00046502804
1086.91608006238
958.983128857319
1034.13709385533
837.87408758153
1688.43377296925
259.616083777439
458.896374507504
696.875115010072
1501.98990408215
917.630668639133
1041.85723644324
373.045648308474
299.407302160783
8057.28155971842
251.640100121522
821.72909766761
1534.09977671864
1905.37735786461
388.45427446249
704.647246612486
640.962483297283
959.490558131179
927.216269808194
476.970543268783
337.649877780977
414.837520855931
205.663174872754
161.019740678863
508.807949645127
408.531296352883
217.930560452028
233.719415580343
260.879195988605
369.799989500436
326.639702796637
469.205168973796
445.182879483382
498.429654493396
478.936450513193
358.679416198808
161.402946870362
285.191051104241
359.860750975387
152.805957172045
422.243891610146
686.149010390286
484.698002248275
430.563576327827
374.324759760333
320.502709278678
145.212528000207
210.426414939192
603.039375695506
603.854543560742
310.733641280527
872.057446179931
529.280600541697
330.142648958029
287.621591421588
35.594347747313
332.406331774325
602.767719525165
1227.73273912351
567.270568511197
267.858443487676
630.676467588684
977.890623262993
1214.78721808247
1175.1458819707
1476.35242528052
1370.20363272522
226.880106171058
588.39491361113
195.631203182329
466.563838304167
276.820138035469
714.368883247993
549.841962396563
648.259233717526
870.202905564738
724.987343086939
791.204219443502
513.922733284571
339.101962012216
292.356381246213
451.734985981621
288.361764983041
47.0058696672423
107.474285858197
141.526992096286
95.5835149117172
56.7180819648673
1102.39904918701
220.286651372582
47.2649391460178
153.509443410897
368.365111267904
90.0163003470784
284.782412097612
432.098342694961
54.4212167013267
223.501420430284
929.271284013881
157.762739885007
393.643876267753
119.650025351718
208.470355365709
41.0995841286411
279.415366213448
83.0610738656639
245.44632668095
28.2326157178716
195.099733296748
210.973613540264
227.915046397314
149.859298928497
480.605471834941
650.767424394441
844.701803306515
300.592443374058
44.5647554221868
96.7118540344511
129.257422223329
61.4682543194705
258.72182102334
294.494028253983
468.44548855703
903.294431019325
1369.75881493904
203.912303314626
246.741742144726
1223.22842286465
13.6527956858633
179.199620243895
1119.73633031401
147.402541153692
127.718101928327
170.897514949157
207.78796548335
299.002982033091
114.750658761575
37.9454087714394
28.3333333333333
189.47943035655
177.942819532356
28.7125475988746
41.0350170495716
137.162150074175
99.2081960810122
144.368824814327
357.181815391047
241.242254447567
196.570333766215
304.847197604116
194.602843270209
286.239474566836
182.266347569124
265.336188431892
314.186136346143
188.352030742489
178.687739824115
430.174060102828
184.969613280173
902.016300881266
66.9513539363395
63.5842727683672
104.551414744098
749.058950957796
57.3656125658144
36.1187406126833
73.7602070420467
94.2170133654494
136.27050715915
191.198373553587
134.983024374028
80.0018869694533
135.199573248791
75.0994087134131
259.339000361477
572.433213606316
76.9422805411307
355.362871315345
651.910710013229
90.2858722898811
384.334814730333
135.092562098599
236.854072381717
199.180738140102
400.3183603948
221.321996408239
118.193562675396
182.3198550033
103.725384971678
63.0565068734883
141.685827819388
220.601858580878
65.5747743658195
10.8341644523762
141.087403641027
52.9496726396905
37.8241484123599
37.1433888327778
84.780760092721
93.3327495707746
180.606269255721
195.598712804512
367.777753754083
162.362477982313
279.113373530761
438.035481591806
814.824343182068
467.696593417079
723.153370022624
1374.66842242867
468.521640727629
87.0354220430732
228.371078110154
724.275514018567
108.690463886628
230.49666223539
86.9027188088955
378.848201277241
212.739508678459
259.339000361477
572.433213606316
318.220842538638
159.14877093206
429.938102063532
411.838021408632
372.154192881594
318.628017815937
837.001770119178
959.063477349329
155.011569860811
76.9422805411307
129.432445357445
763.188604781233
152.776086732632
323.832781885239
100.666761488641
346.820388542376
233.980323419393
612.387874184271
322.567784715511
1451.75331948029
1193.80853259852
685.465740222345
318.549907195082
392.764864481488
168.782873908367
312.423888615628
209.347205467271
92.4616987444761
151.12818741159
40.6833587579428
182.3198550033
103.725384971678
248.054006344363
122.387975031337
179.435131391861
78.6848384180511
91.7767903756045
193.013986628945
52.0427817540579
347.028748651877
120.117773301097
111.30586574878
31.6040923340481
252.65998796094
63.0565068734883
36.7687615817155
242.956493472286
81.9366093536452
97.1853433957157
50.2273734527354
314.086587820934
204.533295043877
79.6568372095801
79.3675338996835
54.4688009226111
216.292861544856
52.8084728720689
171.882749257156
108.768180609932
173.421718522105
176.173008681209
172.067607815857
141.207695032608
240.046790545813
596.53199576249
88.5509691431304
317.589592440154
633.783323526841
284.164507874551
608.06312328116
503.547728482853
500.626476162866
791.308905638194
395.180809308144
685.343581410452
1082.21372505225
83.8965602427967
110.907179889732
170.171624191005
864.703752597073
94.1614748050659
945.773260224834
1221.59273880649
694.982131435111
367.245775653968
474.689856587078
389.95091281741
635.588457698483
450.685237209291
113.107980321824
195.8838290991
956.332036118423
615.484753184162
182.055227066853
105.517335148646
1099.44267747024
322.305010352248
182.974032339506
175.000529150252
65.9261399001407
101.542273093745
224.024401277308
369.170174026336
1640.39089060147
1396.41949171085
1404.97800026858
1353.33838802976
1662.86340839457
912.107593567836
3219.61800502461
898.674172025569
663.629204175061
565.371180477218
260.730457112297
1035.3689526008
222.184664462977
447.555744826655
580.075383912964
110.164036974593
220.331797835749
148.743039589676
208.990748434379
249.378872521774
274.304122279335
915.601718916452
437.544888797856
111.697981944522
253.437984395736
1071.07860704883
797.688804697372
805.315735882047
4753.18707054653
1381.79517523824
718.423695106156
574.015817696573
480.268384624801
199.880862003243
352.528874655068
666.056143969646
65.2369178765289
329.905211677665
2202.50331559739
2191.51034256527
3398.49248340209
1806.5480958492
4302.04356090489
837.309018676402
172.355482040983
301.871135819655
202.381285975066
328.685648917134
484.032702107461
142.155517799973
636.42889788565
611.031117748273
162.193053130876
377.855627114494
617.662627181687
2526.10769116737
398.122100261317
327.967184294451
317.983177548902
251.229911596244
131.698075632059
216.952307405294
441.309028950418
769.367616284898
1846.02141009625
1445.24236560001
36.7165799662178
1522.19028176975
132.065014128594
445.349458496763
1679.6299426141
282.294482425133
72.0025693535051
224.532643715927
1834.88243624932
533.776314927435
572.925221326968
341.874243017967
292.347005654313
398.613882429279
341.799381698837
535.661801663601
793.087567425105
590.006822537262
577.987156497293
391.75770116365
365.013505630498
212.537784182184
790.823349868206
1066.26314682061
234.414413013773
304.824952414795
73.4752493529467
79.4331385815082
392.760376291134
78.9862414942979
1196.80917080763
173.796843527011
390.727013301349
212.629805431352
290.35643121201
107.4085242594
71.43298796897
344.073757457359
345.367092401391
285.979266708773
995.107045346763
799.649839918962
170.756911098538
230.322295164728
476.734980025075
214.705632927045
90.6472114638766
297.593236703864
427.70486141726
145.74023226427
82.5429418548899
721.428240917455
465.145203683096
102.991900791107
74.1605147096573
431.284052199144
1513.05229392286
859.297057976643
641.130611923494
521.449152114123
392.229854339789
410.152371284342
1707.17701675744
302.296845968845
118.864265726561
108.861734989258
107.936985411778
118.903048239105
263.662011267287
39.9100685176605
138.279226976149
60.3126414979233
67.8177358331528
80.6371042601407
18.4680345070729
52.5731081944733
68.6657032885456
21.0556189440105
31.7800801611961
1610.09566832713
3224.30382081231
4527.35285901766
2633.48649686514
2026.57993413549
3180.37765642134
4702.62045080695
3168.95422713794
2661.76493095767
2039.94957678183
617.904098888539
1172.47340233033
423.236848551287
459.678430841884
441.518686046491
413.793068266871
189.653275762542
264.630925495862
1652.54012213113
89.4110207468435
228.485736527339
633.205255329902
1227.23803594672
722.494458358428
1370.26336374389
1397.76411949334
1482.88823463385
1688.37234104593
1543.97674865018
1398.42922432834
269.211672530961
149.847329920495
970.114902570081
696.062977240718
1510.91380782143
1506.95602389046
1649.66673224556
1232.51465339264
778.571504084629
1193.44727038928
1414.13112473576
5190.54199478468
2110.60794804205
195.339889094524
630.242294658762
454.079953197789
182.371673551727
108.372033750328
289.20096081094
235.577112425395
562.364633870621
266.818421824294
307.388871736862
725.790960716964
1741.22119918289
716.607820267383
866.319505339502
907.163063031946
805.2344924113
1057.2625229132
1565.52483056702
178.314159145716
1566.11240823124
1221.34940272979
42.7043720420768
573.933889724163
939.443421007719
490.715293018145
613.581352801698
5612.82163789886
973.571656350961
28.2063917891128
411.334278147253
27.2025823600944
64.7722898789228
450.268242574397
250.682730635461
503.707762185087
1707.41483812401
73.8709312800644
184.935403341474
12.993790174565
21.2636753897234
158.139818047053
86.3468841205734
25.0387550126556
56.1857324936428
22.8154895322673
103.259411934817
51.57633425592
99.5148768574605
18.7467618705639
19.0088281835087
37.6497765379556
11.2114649940512
85.5461463100645
108.775946552272
54.1667516556889
56.1735090098652
56.2635380388155
120.091012698893
99.0650598530454
22.6032881642822
97.0618362373056
61.7644292154877
97.3000413555156
121.082641397222
37.0400287320778
317.359658191678
51.3125276533616
68.5997870547834
127.446113797063
61.4489787796501
182.973566880694
43.5885847198433
56.1801211179816
147.547893544114
31.2986145452829
69.0112023515206
119.01929444973
42.921388324945
256.989659880458
118.385010213072
107.034441016964
138.904283647949
59.4454183725572
31.2192863774723
72.2379541590283
81.5060539517861
168.295909292562
97.45394373046
185.580801388897
19.9527260451706
125.746626301053
42.2253743253804
75.261755218315
61.183008005171
81.8632466652039
311.378117504007
1109.81450625344
261.579217493754
655.556297966714
1659.91171164668
870.500059380184
98.6696697927535
949.837644381411
1122.88415001484
392.155313528995
1816.74795776667
1592.9430923518
141.625480797015
505.025201951877
4948.64214701995
327.981727608968
505.555555555556
489.257244111898
4865.61720843752
61.3486880941395
162.048462813646
165.187194858521
397.142791375207
61.0400410085711
1493.45597466994
651.28469491892
290.38485494218
514.813902379539
212.813174201388
630.247691972358
757.925763040925
762.385924343658
1486.02838943683
490.003737344108
964.378375744207
1098.47178106379
775.175320573367
1067.00773241219
144.306655624278
27.4393685877694
98.1729840646827
1432.2212283628
55.4636306881722
22.3059437739984
738.488679791199
795.333333333333
583.717341944606
1488.88888888889
1827.84569737114
1339.18847449488
520.669880278924
649.250979966488
764.843697366495
542.45285264821
583.335906266198
442.989287090126
780.451565193314
575.06878097071
315.449075853593
430.95548983689
504.77728519389
499.868364879829
531.168113952471
406.635490713461
566.965124432578
467.572155795543
419.969908844045
379.426397824391
25.8161598880795
424.104599882906
396.826569724748
41.3626983152945
1042.32602550569
198.460971521644
367.293830401197
21.5186234039261
228.780175116525
583.838780815733
202.372525629698
63.3638936318539
72.85164694163
67.6408667514777
61.2101308663323
194.431479657121
204.106942912346
99.3451191972006
101.791908006035
222.430523276015
1044.37150112191
214.816733223791
74.8990043147822
71.7886642715006
97.6490856366356
97.2385105795217
58.2943613629655
8.34412603536775
