0.674028573526558
0.320479905817908
0.385047452087947
0.596720595687342
0.22631405878301
0.507591479442765
0.307134681885806
0.364721744595317
0.339837378145309
0.221771130384324
0.214027863425382
0.842695558009128
0.343975682376433
0.438390233970121
0.386036653782845
0.416162745383672
0.407227095045879
0.287880035862557
0.346781109691509
0.222598873758951
0.254148683660865
0.439358465458711
0.193988114011508
0.438466840753324
0.134356579929621
0.443706457240027
0.184374122990727
0.286659474820105
0.133404429446169
0.239723653123344
0.367149509109753
0.336727734978499
0.232389091913963
0.237700083845677
0.452802071680062
0.243107759545735
0.35398068562776
0.323580261362044
0.165448349525183
0.352705619899144
0.208821234663302
0.383275775400618
0.393236856442446
0.28480160788698
0.535843577467815
0.121619648645998
0.361003905133217
0.153118848172239
0.342460677794646
0.237834392943662
0.158612824157121
0.200992400030235
0.120057454691661
0.13398065732215
0.429105456278029
0.32527802308763
0.245513888886315
0.319483077795568
0.508612732104188
0.371019137006534
0.256482587611636
0.181723592316293
0.279532815063427
0.317256014017971
0.353781309778097
0.176798153620731
0.220042912704616
0.301037434873256
0.102143640161221
0.336169173189502
0.0629215809151172
0.118821631442058
0.302624050142657
0.258819814881074
0.158809782480049
0.0681626583105351
0.113061259545421
0.165852509767641
0.239239988364138
0.126276662980724
0.255844268172135
0.143194071576431
0.104410447266327
0.133117143030424
0.110210305255946
0.0861064617121104
0.18601521700293
0.132749218353233
0.211359023704816
0.235674605825679
0.186327587399694
0.120372927808377
0.0471623339984126
0.0533038649049067
0.0589902284280431
0.0592728239202118
0.0924868699721487
0.12032368657542
0.12293090869442
0.06341825512112
0.0789002737866156
0.0984877659323286
0.133200732340391
0.135941841851841
0.0633975324941556
0.078998410789941
0.124923193098208
0.201617150669459
0.133223177426074
0.114032621558129
0.167960820947568
0.163007113532173
0.0729762451625916
0.0641709862944417
0.0781488331735443
0.100132462867856
0.21612475770267
0.202841560497825
0.171554742724069
0.0914444725312861
0.0940082036988938
0.116456539715786
0.0654558877809413
0.152635998214488
0.09647671990363
0.109652397303843
0.11559067086428
0.198159371784886
0.339032597633749
0.164046086986708
0.10968290437593
0.174494974274464
0.234673486646788
0.241876890279395
0.215705143299778
0.173087403614729
0.169366298732031
0.10581487833043
0.121056444650194
0.136372270499489
0.191636898196845
0.294516571300268
0.16177101701268
0.116511745012108
0.406896963230243
0.2043494134844
0.197065215898775
0.386388125562791
0.132904146381981
0.157026960557933
0.160878258468359
0.171011829439425
0.175137577778204
0.134244988174697
0.299597833127306
0.150340815134173
0.130974135139161
0.0803061538724221
0.0775300771868085
0.149458426305423
0.115219937953887
0.103102367004219
0.113177174652994
0.155286872937465
0.116683452985427
0.0851125827246309
0.134007913234452
0.153482691399619
0.0956810283296597
0.0730434099365488
0.0510872279141796
0.108263593336224
0.285298683961282
0.169011994482824
0.15018190831571
0.122362605251469
0.119265844440258
0.254574244228224
0.293533189202463
0.28297212066224
0.264526888542409
0.330989896684355
0.426000885494735
0.378182756480676
0.434992080327003
0.384405629229413
0.391239276286318
0.2852333890829
0.394978966494781
0.106188481658189
0.0796890302235515
0.0804926014930673
0.0600290517099086
0.0778686507035336
0.0665953757478934
0.106050699023856
0.102320624483051
0.17970227027383
0.314705424572806
0.26077338752229
0.299493534016925
0.387616076988545
0.375712925223826
0.362140279140022
0.616169644213247
0.281784798685782
0.51040770414324
0.120439295603999
0.463514739015763
0.405853652063877
0.359445277446162
0.125791712196229
0.448997606795162
0.277504580786679
0.231564951183242
0.321380730810542
0.177020087121106
0.105745445842655
0.137336190179673
0.189647806633084
0.337880579265944
0.122228419986135
0.304003806407962
0.3216165397658
0.296536117297739
0.203684085592511
0.434360422360456
0.549629239989545
0.159018151865841
0.339436335105163
0.492816684499368
0.397011033005417
0.341195115327481
0.221197593090778
0.418273367373563
0.409077866743862
0.226925562511972
0.405819073412564
0.272488251201658
0.649563478686217
0.576619977844922
0.297217662586305
0.301657167283511
0.358357416321214
0.292174928990624
0.410706840684261
0.859107382109101
0.319769696934991
0.0962604840688542
0.247681775815901
0.123656420564026
0.295962402734077
0.176334804858832
0.318265033125001
0.360267323908641
0.351750499983571
0.300077572395554
0.562102291731195
0.388517380640641
0.490555730032049
0.225847703533006
0.283351132112241
0.181639701298028
0.184543124082507
0.474847201097662
0.525548233346088
0.36710302826913
0.264916354757135
0.165210838234435
0.16046418933422
0.537300426193046
0.293486548080906
0.22617817755343
0.331113655925858
0.387087334589637
0.145136917546602
0.477242042433364
0.266442697093555
0.331242551527798
0.261325033191014
0.062321457994082
0.0704835478070532
0.0728860498085002
0.130802003930607
0.123223710287648
0.107576570308478
0.0702177751820286
0.292884580536079
0.354830461146286
0.264946939313784
0.398924043015028
0.351615339903902
0.315194682680205
0.285717582344324
0.2471419012548
0.28185976713899
0.198666349561049
0.229578862860604
0.276373621697585
0.151194899880573
0.224181494881084
0.24372628811603
0.227113053128434
1.01498099527132
0.300341215720695
0.315219122287414
0.226839011120716
0.185915721626077
0.367751430788258
0.0912876271318428
0.0568805056938559
0.0305473504795103
0.164736988765549
0.201853306417234
0.0377611618752181
0.119479602422211
0.226706745058094
0.0935901543910549
0.0314224146562541
0.0418820256950108
0.0880609752484292
0.0265331817043682
0.0782597113430616
0.0947650814901026
0.146897692830252
0.102151722372085
0.0732146888638007
0.353172097677101
0.460257965021567
0.173045954919768
0.168680190086948
0.198630005335058
0.21395187249878
0.370660145502483
0.284881230685249
0.261486600356962
0.224483720423928
0.436972522332695
0.212352546909554
0.306625679390379
0.217090692660979
0.160819089852811
0.217206376750687
0.4221520691821
0.228006301000704
0.318211752413279
0.25429831597972
0.184906728906398
0.0883484373972287
0.134943312691116
0.115443512936133
0.157460298626379
0.0812163764920467
0.0786965059519384
0.0909993544658778
0.164813191202844
0.0958225438572807
0.12428641778842
0.0489555085771055
0.191428035033538
0.143617555883031
0.0540672336670915
0.0788667954043825
0.191152537491265
0.0982086923815644
0.071704304476556
0.223958251552277
0.0321245470880969
0.0785488309895623
0.0335141826843331
0.0217815001675521
0.0579895177192323
0.0489166006891331
0.0670952073294818
0.0275922676692902
0.0508123063046979
0.0338228851541628
0.230462980310911
0.317402875177993
0.534567662333631
0.236699335799429
0.358834635483264
0.267866360625137
0.434077456553269
0.355248042361638
0.287166411803193
0.223955057767326
0.26957787316532
0.308428147407807
0.328812600804006
0.184524969509519
0.25426959166755
0.214470630268529
0.228240203255781
0.215412961348247
0.179607688640301
0.241233669610393
0.367658639109436
0.310448478198866
0.255868606340383
0.28578266170401
0.235118776416197
0.16662783648703
0.183309577634355
0.332300497992498
0.106597733269567
0.0543301042366764
0.0758084497622142
0.0963663123977879
0.0399670600278679
0.170292520736278
0.0892458850234004
0.0447708545792342
0.0622389019073638
0.086945902889034
0.15510842558388
0.0623347190122774
0.0237474163347929
0.293887908707505
0.0472326544573823
0.135291333709664
0.120041490695831
0.0274060973575984
0.0702861782386718
0.0453599210593967
0.0703774794059197
0.210794384198606
0.373311809557848
0.572785363344361
0.236429163547423
0.216673099643266
0.376763224287682
0.393984999760203
0.295377966209075
0.317269555052615
0.381487097755385
0.175846574768024
0.839518408985578
0.253874187856353
0.175508651747815
0.0170975245059153
0.149224335484497
0.103044586831043
0.0189030773675509
0.0179721509096431
0.037566288335799
0.0380817896707553
0.0377766532641983
0.0992328134928091
0.123067857599544
0.0642510012970372
0.0467385994431057
0.0815971168686257
0.0226141551461521
0.180409555317573
0.0922780664436676
0.0460696446181237
0.0594269939252219
0.124736527677772
0.05674495742117
0.0889752059629764
0.0334607268546446
0.0418487481515433
0.0160783273782716
0.264775974093056
0.127023555985627
0.0647983594026943
0.0426181554111884
0.054629889911056
0.049645206145055
0.0114536524041487
0.0456448513490565
0.00838189236709042
0.0513061146167282
0.0253202403841228
0.0236010755722
0.126377921724795
0.133727258334433
0.0308961115373809
0.281655049118927
0.0110280182631703
0.00916745090320151
0.0226206668378771
0.14203141018697
0.11480306554634
0.0724024045755334
0.0638947504246704
0.0474466249595996
0.0427962051916601
0.126259423735204
0.0351207924597648
0.0730313036089703
0.169168110813532
0.0300898086654662
0.0285216346367082
0.031484216327528
0.0503313442189223
0.0312644688934484
0.0379685474511609
0.0459081709975768
0.0470492413696334
0.0537187311214002
0.044647832454341
0.237644567904801
0.0475030855521201
0.062895249354099
0.05161927857408
0.0438783854790325
0.030632945468385
0.104761923285211
0.0687085778899091
0.0701029148182389
0.0408896828366264
0.0488030552609266
0.0820517836441472
0.261350479723947
0.0233226124078671
0.0765064548394274
0.0425957980828666
0.0813705256532143
0.0806111001726534
0.0846449678313044
0.070799074700821
0.232198587219487
0.0353025381147249
0.0715717936253
0.0380828102501097
0.0575824586936891
0.0661147586723779
0.0593073998094604
0.0532478973574978
0.0886530781924872
0.11012425704068
0.413594418079061
0.0878886102108018
0.08439979112017
0.0529891018784521
0.0585243132169189
0.0527206888982836
0.30116125950163
0.309846173772523
0.315998660008248
0.158378662409523
0.240323211752009
0.0823829225458735
0.12823241874499
0.0752652313763139
0.314246253894187
0.124807927722104
0.109361654950398
0.0961729777652841
0.362723977483037
0.200856843264129
0.105094163427666
0.0781760775370294
0.0766369800641662
0.100312163326094
0.0567453581988207
0.063826071180127
0.0647670174889847
0.139974877407069
0.134662987137074
0.1001407585702
0.143762725297875
0.080933937200478
0.0842237588490758
0.177258219609443
0.174596086374603
0.129527887905605
0.165326494316275
0.177118386260296
0.182350023046012
0.151179745871014
0.190625528254831
0.211989083333423
0.142874867910454
0.0505576100457973
0.0464579134731461
0.170446641873829
0.147832486624647
0.0828542795636256
0.0727909499598986
0.0674359029662345
1.0867834105834
0.524710356318044
0.0386452994722538
0.0257348795160556
0.146634664836951
0.0288932843361166
0.0459433139464271
0.160324634008041
0.0353797662848849
0.116930672233797
0.0499451946943385
0.0624944624181479
0.11166379588904
0.0572929864026864
0.0736590506208614
0.301361977663161
0.19258553296169
0.298619710124425
0.123451783431042
0.230228640455496
0.0228799753881134
0.0425902155007507
0.0556861935942947
0.138700614815077
0.160450126828267
0.202692704989874
0.0677742892745067
0.0550522464686294
0.116783648441165
0.0564617795632469
0.105506748454538
0.0297895523271332
0.0347450837271424
0.0725238398607001
0.133167658318585
0.0408768003540776
0.040105482774081
0.0897855957807508
0.0438984989580121
0.0271670814251777
0.0370574248406203
0.132209657990004
0.13357134170026
0.121048084757439
0.158331742466893
0.0890776770986718
0.0874288354540877
0.0190108085836318
0.0237357017330881
0.0219591035424866
0.0922772817855883
0.317171020369734
0.0811239267885523
0.0630317728094243
0.184163929565337
0.0541814489005124
0.0407136163509257
0.0375093645777334
0.047051924761429
0.0466642617095284
0.104686354805987
0.0481918027225614
0.110403809412481
0.0170877607321905
0.0427652337382596
0.0377032698207426
0.110979404023144
0.0794162755618329
0.0380364767131689
0.0462358007480607
0.0339730153054528
0.0254492427069786
0.0979679837357678
0.032105291343202
0.0129522528825598
0.0667645645687181
0.122650095592548
0.087659689093327
0.0320536684230237
0.0597915810495194
0.0197528816575255
0.0316114583605495
0.0372180813522794
0.114427305951539
0.0652909507400184
0.0232184317622322
0.0235150229136793
0.0201575833168553
0.0148439776918145
0.0246627697560704
0.0330732946140627
0.0513687482794178
0.0689797749423922
0.0335320063410252
0.0424129461960519
0.0448439560144359
0.0521502801816036
0.102534708490028
0.116477263652939
0.0286068138356892
0.114018014835259
0.0219328732005972
0.0538784342085472
0.358950700156341
0.296499124525168
0.47347400794561
0.364384640013568
0.119133395357711
0.329490113442551
0.0332970303310673
0.0559369896082436
0.0383592396655938
0.11991172901521
0.0910986733616207
0.166653863270385
0.106251702357227
0.0477844897497428
0.127146920015857
0.0673317077725996
0.139906058531614
0.787913695791194
0.102198514356556
0.203264559189247
0.15388996554161
0.319007323981036
0.29489320903779
0.21384587343794
0.0569607643649249
0.141611187503092
0.0344640049231715
0.0356981381811679
0.0387099779418167
0.506064870079468
0.0532808571687863
0.0275123145750453
0.050507088629312
0.0531001942519484
0.232362518926906
0.22470727944883
0.193335895088027
0.179427099197183
0.18512593881588
0.25972351560524
0.0381748016420274
0.39900189577443
0.0979166829287854
0.248721615179542
0.218323943316494
0.21465597729524
0.0927567612882293
0.0888069865493279
0.90445743497691
0.0761956380012941
0.19753275786245
0.195897860141958
0.290433036728606
0.119599324550134
0.11032497701529
0.132646444671864
0.277530048688451
0.179433459069353
0.10458691707964
0.15864225528142
0.0739328287833571
0.0365515622991105
0.073435158110607
0.0852327533613791
0.184336305461932
0.0486922434011072
0.0564049308300679
0.0714245528444389
0.0667053415167941
0.0420762972769261
0.095391263340585
0.0991430501011979
0.0714566156929147
0.0747035584907498
0.0557426727091471
0.031004842751166
0.0435627765490057
0.100332479711159
0.0344374316537569
0.0577439502896887
0.0970721783910996
0.0988778453339384
0.132806106699402
0.050142057033617
0.0617218408085578
0.0441215729206348
0.174338993938182
0.103354012131383
0.246730919153393
0.130719622841577
0.274976776553645
0.120525475882861
0.102242616537806
0.0470037216236183
0.00352292958812544
0.0661077626351995
0.110298332446089
0.339043005259561
0.341090202497046
0.16741301910813
0.228002083042998
0.183628224733196
0.334080425792348
0.372436336896196
0.400727939558488
0.43815856243234
0.08323476332773
0.103580913241299
0.113086653561101
0.124226933501666
0.0737622521308759
0.108100088964144
0.144737806504088
0.1914390312285
0.142103582499204
0.120714245978262
0.123184348050188
0.0936069270649511
0.0802402725875301
0.133142187706685
0.09817587591674
0.0798199353900738
0.00875957649750642
0.017260280518317
0.0182835587595462
0.0161417043949788
0.00794200591354938
0.256037707021909
0.0279060999651792
0.00598857915383122
0.0223467758519241
0.0390308650829036
0.016961420903455
0.042221523565292
0.0830618368563624
0.0080234786856736
0.0397156915292085
0.209027096290084
0.0213825222059135
0.0831606203644871
0.0222148062238796
0.0382394925738342
0.00837449498003031
0.047084280952129
0.0149170791126181
0.0436795570384406
0.0051704120793718
0.0356622542918684
0.0389037464139853
0.0411464895090248
0.0279092212561821
0.0898937711404128
0.120003773391526
0.154099716602021
0.0564702155801781
0.0082673820753736
0.0180680434836437
0.0213736329566426
0.0119673451272448
0.046359609933672
0.0506257613728968
0.0715664679013316
0.121976574937496
0.161583311183948
0.0369855321208603
0.0358954882888364
0.191880000688878
0.0035769997910457
0.0736036217565021
0.200741462245908
0.0290322969847784
0.0264618396574583
0.0325747945648308
0.0376506631054875
0.0526639726410536
0.0203032868634287
0.00730818401116438
0.00580780331335646
0.0228175980130792
0.0337222325908961
0.00621922974889821
0.0100181605964306
0.0250954886960229
0.020864144104565
0.0250550973151445
0.0637057618742808
0.0414665229156091
0.0356363037543558
0.0543572149357047
0.0389264644958611
0.0571616238211009
0.0373196282357666
0.0508233963451499
0.0577973996357256
0.0380148607403142
0.0363370772004898
0.0692674047287688
0.0351437709337894
0.155843251566329
0.0128157548124764
0.0117659607016954
0.0190392001325135
0.152246475728255
0.0106041184029314
0.00775895540719964
0.0131634826364002
0.0187660949332403
0.0233888680916213
0.0369826872486518
0.0234066680383499
0.0187180195990107
0.0228244856666369
0.0127661843965577
0.0512108948747028
0.0872605247379298
0.0127011375639824
0.0416824094407337
0.104112863582375
0.0113837530297164
0.0483990943953624
0.0173436839779783
0.04650558779576
0.0437793148838155
0.054087840421742
0.0327613202272793
0.0138610092409796
0.0236771964801382
0.0215799781412017
0.00883216038869754
0.0180735731607637
0.0345435092798822
0.0098463766903764
0.00256328707032626
0.0211959391095432
0.00687678300914177
0.00470479592563508
0.0050496182787571
0.0176288500034009
0.0241844859627574
0.0353040162258438
0.0290945366644456
0.0648705241372798
0.0284858502314301
0.0546397547657624
0.0640492383310794
0.0685787914661288
0.0482942940439667
0.106238068801062
0.210379039013492
0.0441130076837613
0.0141960976056689
0.0334963830258689
0.1374100751487
0.0186500299188499
0.0420059743922379
0.01673279968746
0.0628088682376726
0.0248558689040529
0.0512108948747028
0.0872605247379298
0.0546261321733276
0.0277325252367487
0.0854970361686104
0.0595686049463128
0.0800734084441957
0.0844235852057924
0.123476423971898
0.22294704741834
0.0145002500758379
0.0127011375639824
0.0188524616058526
0.138119598619721
0.0257273011316691
0.029687841432101
0.0194118793710654
0.0565354891726353
0.0270081355574781
0.0718773181062113
0.0142083061268241
0.0849315570123315
0.217885613734838
0.0860247495047803
0.0383306348753129
0.0539604892683266
0.0417797563942956
0.046978884204798
0.0284019456002577
0.0240559421489516
0.0313249105696833
0.0141925711044358
0.0236771964801382
0.0215799781412017
0.0318594569770295
0.0310833652148118
0.0368377512086628
0.0334202572481082
0.0200251156897057
0.0295407691430765
0.00795316952434189
0.0588209703451608
0.0262746259300119
0.0162487086803417
0.00590652773938182
0.0393796338407404
0.00883216038869754
0.00612442482348732
0.0368821493667404
0.0087442485694883
0.0142837880218691
0.00723553993691105
0.056539402946291
0.0344665879321585
0.0151338989654736
0.017242442692332
0.00812275881528031
0.0366078044905911
0.00901295590384932
0.0277210104701683
0.0232696686337151
0.0272423208978317
0.0267549738222038
0.0204862023132635
0.0251846797198446
0.0477934244044795
0.0925621194460494
0.0145127698764437
0.0636514308601283
0.0985869915230993
0.0492074116192331
0.118690336698611
0.0936660293022269
0.0739106268499991
0.114415066829883
0.104200574192773
0.10508716479416
0.280302963839389
0.0138299384246456
0.018839699856803
0.0185339928157876
0.103677932472031
0.0166878547931609
0.114892644080751
0.223615579585642
0.087492558758736
0.0443527662869697
0.0655896516569788
0.104933081557883
0.102009825799161
0.138910384688927
0.0255100208556248
0.0444678793932449
0.209642178220587
0.122904902074752
0.0418710945639681
0.0235620258952255
0.114233738210028
0.0464847247581099
0.0522234050931654
0.0240761224759126
0.0109238934691816
0.0186276673150866
0.0403083673181337
0.0653813868374687
0.208504114244916
0.209739479376476
0.28084015500855
0.227841528755168
0.227878063244725
0.174891595927592
0.607838041901584
0.244423312515434
0.12243496795322
0.099510872496562
0.0307859460707672
0.135263824278138
0.0291917405358628
0.0497635369357118
0.0828255166455371
0.0158715621271512
0.0325755503511827
0.0216582753309571
0.0296460019833283
0.030338721453187
0.0491483944745949
0.143659367647387
0.0253744507100579
0.0113150464557148
0.0597514015766019
0.176657114406754
0.158884083467725
0.162169465430199
1.44732762977207
0.637078399864158
0.122766171062713
0.102779199029833
0.0887869077389316
0.033734044120058
0.0364107767379661
0.0778821409195239
0.0105358800117152
0.058863206225595
0.271293867542048
0.215917979711391
0.257561737497445
0.279176412158787
0.234878189953763
0.120944540325664
0.0261482239584318
0.036553577568863
0.0254626434278554
0.0490844928699876
0.0537016104215028
0.0181040175492758
0.0991365173312944
0.0866007723927038
0.028034200706088
0.0504221112054539
0.0758973104140278
0.152880302411014
0.0477331406456128
0.0373691775021388
0.0441215920784605
0.041024995284381
0.0204553013453145
0.0283499126110802
0.0545336737452705
0.131570397864867
0.0809177531417751
0.23864638397322
0.00414518787980232
0.211153869735292
0.0119293253274324
0.055355136782726
0.296546426246537
0.0781820669637438
0.013196941828991
0.0554652334697317
0.153218661787279
0.107483824137499
0.0789576001506279
0.0453981228187874
0.0456824970478036
0.0642160530185631
0.0453876650275034
0.125427506941582
0.132891890196021
0.107402460737248
0.107231603869321
0.0922634021446186
0.0668757159231686
0.04777162419333
0.0808602806320933
0.23214236448821
0.0500534649269606
0.0262892479514991
0.0102993969262748
0.0114670249408814
0.0395387925392525
0.0142738198545499
0.144483569597996
0.0426624290791359
0.072340015284702
0.0307833650596848
0.0323307798032302
0.0190602117882894
0.0132408601113541
0.0461011236746351
0.0514858111867703
0.0519613941309529
0.0989115826251473
0.104508534434795
0.0437414901313047
0.0261449242760102
0.0613460163089135
0.0264731300975625
0.01334256843484
0.0398433559786595
0.0548598929847441
0.017996102982726
0.0121265821459645
0.0701907551246855
0.0800258815636284
0.011858754815016
0.00769129169912703
0.069737228922795
0.162519136233778
0.160096722210246
0.0934149521874522
0.114084748814553
0.068752520700526
0.0694485862374008
0.30260814068908
0.0421573913463261
0.0221519968323165
0.0152441622098942
0.0149193841148281
0.0229325780633097
0.0423519759427463
0.00961067564851107
0.0392419127289547
0.00565728148657345
0.00954002258624585
0.00958015984896899
0.00363825630914075
0.00844370678093823
0.00958475288457943
0.00845785236173848
0.00904999435389059
0.204083290809532
0.221831176289245
0.466200187137893
0.726637194534608
0.208823807325402
0.49689058192062
0.838113400821828
0.26186042796473
0.254907903018042
0.553312840121176
0.0971674061552919
0.185660598852336
0.0497673129591956
0.0583304970148817
0.175310835878697
0.111335683444981
0.0271258039813574
0.0572780698857837
0.229822484241575
0.0100071549856183
0.0221764918825585
0.101557775801167
0.093298162450251
0.0879223727631127
0.190928663322991
0.202020740230885
0.185451465474791
0.262372094504572
0.192870941915645
0.153267342245038
0.021719520737222
0.0245489218140133
0.220473783919823
0.177665321306819
0.237946979248415
0.227089955242923
0.211531359108061
0.216529790483751
0.130928432046081
0.224406976415709
0.296162903603143
0.625725770596203
0.479032460638065
0.0262064175891702
0.0696417551555093
0.0670080003928041
0.0397748757504623
0.0185842640236746
0.0554991752984295
0.0510811770583503
0.0627183681969862
0.0558379459780179
0.0417097317156846
0.0642854006623813
0.282755538752994
0.320558815857896
0.488618271966233
0.170204222202128
0.122955037793199
0.135604914997012
0.231262091445521
0.132523720005963
0.370395238609544
0.184270279008395
0.00855876389774184
0.108782743809286
0.0922407141915971
0.0367656717775323
0.058095843522099
0.904387860278091
0.0409392403654042
0.0043470227758353
0.0541869896061194
0.00424031345971837
0.0108804296153365
0.0984378703636674
0.0394480371975747
0.108819392926963
0.197896074546751
0.0107803972434865
0.0411653965093821
0.00365165843904832
0.00422876166621107
0.0231620657456692
0.0180974453068323
0.00488495677631535
0.00858050462368409
0.00598389753661322
0.0137350314512051
0.0148865880245487
0.0225390215557242
0.00241846053625381
0.00230471405600735
0.00430759452683459
0.00196357767518084
0.0140738980441458
0.0138318998613617
0.00821451623279315
0.00617462913716898
0.00594052068040469
0.0204110825085618
0.0110030657854171
0.00392546292874952
0.0131316878608799
0.0102527504647977
0.0131332408854556
0.0151557751091005
0.00871425876927469
0.0459508234344203
0.00847657563063406
0.0102170000547256
0.0226318672276348
0.0127315172914667
0.0310602920616015
0.00721248198444885
0.0138125401945265
0.0216965785360111
0.00327547084693424
0.0140808338056583
0.0137605788050787
0.00540145315678761
0.0339429857869093
0.0116573301998467
0.0129476759259458
0.0226008338527768
0.00793138110791964
0.00611760846870511
0.00966392281255647
0.0126320583019861
0.0309833614818611
0.0200495472584622
0.0360602249026151
0.00447532842156349
0.023438706531044
0.00944934612913673
0.017679241444631
0.00751220258518022
0.0115051424628585
0.0624027315317601
0.559346330087649
0.0818000439134902
0.108293664780159
0.1619066049512
0.149396166559304
0.0108110322874255
0.132799945058787
0.161857267312709
0.0450319520397233
0.288558673812
0.185380775393426
0.0145024900276975
0.0934705132593379
1.13446929831188
0.250310366357171
0.244306385941694
0.110124652569349
0.744221568067642
0.00631204863942253
0.0249694669670185
0.0190749559741134
0.0578710826904485
0.00629035229026633
0.141398096940924
0.115822693571572
0.0403567827361989
0.0783080321347242
0.032168812535553
0.157023253844225
0.165703386085421
0.101032465065008
0.207729169881734
0.133282681805546
0.414589314059334
0.163523024652379
0.119020433873156
0.177396123116469
0.0487292842057919
0.00412515236481148
0.0154991920016926
0.219963358147358
0.00931707229305631
0.00384989137377971
0.197291446420855
0.199436085706615
0.17993619410671
0.248069989667809
0.327625025917985
0.306327812861575
0.117229701294261
0.147875353832461
0.229032396260348
0.117682290297204
0.114297942871858
0.0856288763946883
0.135457035304885
0.113583923100772
0.0616813555753098
0.0789793160721955
0.0967928178109169
0.083144974938137
0.0824460535917821
0.0686511852203642
0.0819879319470939
0.0671784786347231
0.0667804191478897
0.0768836553213847
0.0162817656091752
0.0723199880528814
0.0767410835759263
0.0176142209718027
0.173875378803403
0.0306444483131096
0.270886686683649
0.00701087469100672
0.0675745313024397
0.122566950324962
0.178590615285806
0.0330555814603231
0.0151590388530274
0.032491117850641
0.0448744281058313
0.0252668299840816
0.136987910478944
0.051673552205093
0.0392566555390754
0.0573327811216878
0.300902486887616
0.0653233504887509
0.0138950038624187
0.0275173001142693
0.046888355854452
0.0440455362349466
0.020753503264022
0.00627183343694345
