0.674044675957263
0.320495271754711
0.385050923210085
0.596724199019578
0.226315546402192
0.507605750033693
0.307138895330551
0.364728021134994
0.33984358669428
0.22177397499513
0.214031901396928
0.842713497880039
0.343980951233933
0.438395782739879
0.386048914015828
0.416183596645846
0.407237743834232
0.287885874196069
0.346787212517307
0.222602159987977
0.254152007427071
0.439366134062347
0.193991582944871
0.43847971410408
0.134358574007245
0.443717467509269
0.184377015079853
0.286664393583586
0.133405372011711
0.239724883661679
0.367156234135335
0.336733865295866
0.232394105859005
0.237705311757089
0.452812256232845
0.243110478695584
0.353985787568538
0.323587880228329
0.165449963470534
0.352709237624891
0.208823373769263
0.383280946805076
0.393240721333996
0.284804935408963
0.535857158703667
0.121621020413387
0.36101699339366
0.153120668470375
0.342467666821614
0.237838472284402
0.158614785006164
0.200994139038963
0.120059064421174
0.133981983328881
0.429111442166501
0.325281436073276
0.245517442394207
0.319490340132671
0.508621591766961
0.371026358221981
0.256486722298081
0.181725858709908
0.279535327592314
0.317263825014237
0.353787595301832
0.17679971516208
0.220044417484141
0.301043747292532
0.102144165475369
0.336172543969298
0.0629220701496048
0.118822312328231
0.302628893187878
0.258822323769534
0.15881460013082
0.0681631235825582
0.113062013425348
0.165854832137911
0.239242947938035
0.126277507816262
0.255846623475513
0.143194865304373
0.104411304667865
0.133118165898403
0.110211352215503
0.0861069145783686
0.186016050373056
0.132749977173736
0.211364276412377
0.235679426249827
0.186329501887812
0.120374848108986
0.0471627065243325
0.053304455870244
0.0589907294953565
0.059273447762649
0.0924881429298762
0.120325106356858
0.122933117956878
0.0634188525744829
0.0789011445040545
0.0984886793959793
0.133201741585245
0.135942890696215
0.0633983543083995
0.0789992524997474
0.124924587077641
0.201619186967476
0.13322420607413
0.114034103871845
0.167963109997768
0.163008261800463
0.0729781656261627
0.0641716676371137
0.0781499403632287
0.100133197308419
0.216127611701511
0.202843866403811
0.171556358616178
0.0914452339568324
0.0940087756369524
0.116457909354234
0.0654564446481747
0.152637127811036
0.0964775124240462
0.109653640962525
0.115591457238176
0.19816184173411
0.339035769379608
0.164048701486268
0.109685379039387
0.174498431015564
0.234678691171905
0.241879842024852
0.215707311182661
0.173089437102677
0.169368117980945
0.105815558789331
0.121057851171636
0.136374040833688
0.19163909100569
0.294524306345476
0.161773135611357
0.116513216588486
0.406902453635361
0.204351596433558
0.19706738706559
0.386391019382781
0.132905196096208
0.157028411286366
0.160880551546214
0.171012794328295
0.175138711647376
0.134245772174344
0.299600355181563
0.150342196911133
0.130974930525374
0.080306882529163
0.0775305026482587
0.149459517892296
0.115220768677811
0.103102983566082
0.113178875208528
0.155287899160428
0.116684218248314
0.0851134095353554
0.134008835469944
0.153484791790327
0.0956820081695427
0.0730439347460191
0.0510876035136085
0.108264812096415
0.285301940786769
0.169016196329905
0.150183322257149
0.122364338345731
0.119266843928201
0.254578104996205
0.293540619850907
0.282976670978245
0.264532247840494
0.330995986504273
0.426009943501785
0.378189970848328
0.435000022675509
0.384413257079105
0.391245542068681
0.285241757574204
0.394983353299438
0.106189625256292
0.0796901377629807
0.0804932567905275
0.0600294596978913
0.0778692195041831
0.0665962377147526
0.106051922044032
0.102322640251553
0.179705259721454
0.314712790002843
0.260778664319652
0.299500350175666
0.387626950064278
0.375722536935973
0.362149244310131
0.616180634117605
0.281788997489128
0.510415106248033
0.120441786025016
0.463521295120217
0.40585991757601
0.359450663249783
0.125793685452009
0.449008754704873
0.277507763699734
0.231567607445743
0.321384208686251
0.177021915664104
0.105746477180773
0.137337729181639
0.189651151352824
0.337886586442264
0.122229561293321
0.304010936259431
0.321621122648419
0.296539950285792
0.203686413837684
0.434368169586977
0.549633773775324
0.159020919513063
0.339443824726505
0.492827213545552
0.397020503274229
0.341199941654581
0.221201733724945
0.418280361220005
0.409082903238759
0.226927153589399
0.405825380226955
0.272493352881927
0.649573625414792
0.576624989061192
0.29722288611053
0.301660896626931
0.358362661265704
0.29217884776806
0.41071325477351
0.859125210041334
0.319773068006815
0.0962616741255256
0.247684983425357
0.123658766585319
0.29596696667635
0.176337615484947
0.318270028163435
0.360273517879395
0.351754875800421
0.300083240971907
0.562109714903947
0.388521627996554
0.490569544734714
0.2258512211713
0.283355228171628
0.181642437693635
0.184544626129477
0.474851019967641
0.52555341381589
0.367108304386578
0.264919932368493
0.16521201033183
0.160465067013538
0.537307339542957
0.293493071304547
0.22618241886713
0.331121825528852
0.387092381063166
0.145140825648914
0.47725465008194
0.266447593809097
0.331253439660756
0.261329591210072
0.0623220563034792
0.070484455009976
0.0728869297840282
0.13080539941038
0.123225562406602
0.107577848044469
0.0702184465860921
0.292893084762393
0.354848942618428
0.264954695337494
0.398948894940729
0.351627656559583
0.315202841953346
0.285725821950806
0.24714847174403
0.281872356155887
0.198676456373512
0.229587444951581
0.276388755365992
0.151200631199698
0.224189844758951
0.243733090220955
0.22712591838974
1.01500694374055
0.300347611244679
0.315226068848211
0.226845883771441
0.185919684785027
0.367772913703017
0.0912894501968447
0.0568813659081405
0.0305476741045459
0.164743237553313
0.201864844316885
0.0377615869284234
0.119482012931419
0.22671330794212
0.0935914820101806
0.0314228075566608
0.0418824807328945
0.0880618442406947
0.0265336030628543
0.0782612606484033
0.09476688184013
0.146901547458037
0.102154256867286
0.073215897909277
0.353189170522688
0.460270042730851
0.173052709659402
0.168682717249527
0.198635518596502
0.21396006852681
0.370677891258013
0.284891425544564
0.261495032867655
0.224491972406943
0.437002626563433
0.212356537981011
0.306632677371054
0.217094898689549
0.160823067200855
0.217216241569795
0.422160317458156
0.228010902567599
0.318218953148106
0.254309384296209
0.184911664177035
0.0883514566833793
0.134947211246111
0.11544551400736
0.157463418053774
0.0812178707047186
0.0786980887403768
0.0910011606163554
0.164816944877576
0.0958239476147602
0.124288096273428
0.0489560335875794
0.19143249895167
0.143620823564409
0.0540685570232425
0.0788692651045286
0.191158391463111
0.098210586078136
0.071707729440812
0.223961491406146
0.0321249414222978
0.0785501479763493
0.0335144766942535
0.0217816684027668
0.0579902430815699
0.0489173425217258
0.0670961320366063
0.0275925883897685
0.0508129640411839
0.0338233901806665
0.230470847619102
0.317420643530634
0.534581527749452
0.236705411770446
0.358843553897597
0.267875949584273
0.434116170870272
0.355275576179744
0.287172697330527
0.223959704830426
0.269599681186262
0.308432026998417
0.328815538243183
0.184528056610272
0.254274424575033
0.214474423194673
0.228243269353478
0.215417270516773
0.179611703650045
0.241238679362891
0.367663897160786
0.310454235577343
0.255871829906782
0.285791991620493
0.235126472988495
0.166630267009668
0.18331156668616
0.332309351427587
0.106600945272194
0.0543313764429608
0.0758097193441358
0.0963681864974869
0.0399676891698495
0.170297376467798
0.0892468901303917
0.0447717070011178
0.0622395768492126
0.0869476154981585
0.155110756207543
0.0623355833174862
0.0237475999555101
0.293891356737746
0.0472330350380415
0.135295559431786
0.120043338370298
0.0274062532042051
0.0702871145716967
0.0453604147551896
0.0703784097209633
0.210797039418824
0.37332638673449
0.572794369008912
0.236435800067852
0.216674569818621
0.376768862363745
0.393988341668774
0.295383356418794
0.317278582345468
0.381490337716103
0.175848632676544
0.839529249351738
0.253876997164288
0.17551045300726
0.0170976612333312
0.149228389476421
0.103045597753516
0.0189032285698501
0.0179724849932218
0.0375667120263991
0.038082498889352
0.0377769315001784
0.0992338333269145
0.123068976166222
0.0642516025599572
0.0467391166482057
0.0815980060959027
0.0226143274724425
0.180411570344319
0.0922796673111353
0.0460700129608785
0.0594274428321669
0.124738444336129
0.0567455861420953
0.0889763293642068
0.0334610958823876
0.0418490498164075
0.0160784819441127
0.264780141134043
0.127025050815076
0.0647989625491373
0.0426184351283441
0.0546304214261913
0.0496455093997367
0.0114537621976988
0.0456453711416106
0.00838194336164658
0.0513070325841328
0.0253204131970272
0.0236013419925901
0.126379475938388
0.13372803664543
0.0308962979442029
0.281657231335849
0.0110280923854876
0.00916752223869577
0.0226208520501994
0.142033047068568
0.114803886977932
0.072403181121678
0.0638951564606753
0.047446870481632
0.0427965219354782
0.126260790113846
0.0351210130797089
0.0730317449341802
0.169170119707086
0.0300900419994364
0.0285218983898756
0.0314843915714856
0.0503318069615782
0.0312646930913862
0.037968931557593
0.0459084251957765
0.0470497246231248
0.0537191433522166
0.0446483861777088
0.237648692175294
0.0475041724503673
0.0628961671445053
0.0516197877721167
0.0438788936649321
0.0306332844794998
0.104763234272738
0.0687093104225779
0.0701034190556843
0.0408901664146305
0.0488034578800065
0.0820535918363895
0.261355999026367
0.0233228648703269
0.0765070190312594
0.0425961121516377
0.081371456528971
0.0806115678002084
0.0846457506828344
0.0707998740258715
0.232200136758886
0.0353027776577702
0.0715725336978755
0.0380831522376354
0.0575828494726349
0.0661154791454943
0.0593079303345255
0.0532483112783974
0.0886537220779677
0.110125623565514
0.413599532673117
0.087890040965567
0.0844006761545805
0.0529899195158403
0.0585252246305387
0.0527213851307099
0.301165000024452
0.309850567790374
0.316000620835554
0.158380041777615
0.240326169164561
0.0823836521837478
0.128233553701125
0.0752658367732182
0.314249383367428
0.124809656659563
0.10936281418663
0.09617362804828
0.362729838512518
0.200859735842138
0.105095252325103
0.0781770333148516
0.0766380911573727
0.100313122481818
0.0567462566901612
0.0638265429792407
0.0647674745073396
0.139976134676243
0.134664636709425
0.100141587547083
0.14376402871769
0.0809351507563145
0.0842245965215111
0.177259481443645
0.174597452951407
0.129529412464262
0.165327588562421
0.177124945987771
0.182351847515098
0.151181483203924
0.19062799127037
0.211996737449501
0.142876225605735
0.05055805846011
0.0464583252848083
0.170449036894797
0.147834171896666
0.0828552147393188
0.0727914372169458
0.0674364850943765
1.08680178381016
0.524712082546296
0.0386456890760756
0.0257351607610899
0.146636387170857
0.028893579950276
0.0459436086062258
0.160328784733236
0.0353800199016443
0.116931606802896
0.0499455784190362
0.0624951357241606
0.111664976439499
0.0572937919018204
0.0736595387702889
0.301365492158924
0.19258787035389
0.298627045957391
0.123453212544503
0.230230192520572
0.0228801609759813
0.0425905001518211
0.0556864593338663
0.138704418166908
0.160451570013515
0.202694659840247
0.0677750734462474
0.0550528273986284
0.116785336199858
0.0564626319345477
0.105507970204612
0.029789723397959
0.034745282750173
0.072524494055428
0.133169394511154
0.0408771876792584
0.040105859148984
0.0897863838705009
0.0438990042099189
0.0271673327585091
0.037057971488619
0.132212769661321
0.133572414459603
0.121049680890327
0.158333886754488
0.0890788489185517
0.0874300306196473
0.0190109450896851
0.0237358759140358
0.0219592578879983
0.0922779074901033
0.317174522837792
0.0811245103738151
0.0630322508867636
0.184165152136231
0.0541818571901503
0.0407140136343883
0.0375097393151778
0.0470525355202018
0.0466647377281538
0.10468705270216
0.048192116363215
0.110405132525414
0.0170879198510253
0.042765637578462
0.0377036533321985
0.110980407002932
0.0794169063869676
0.0380366996201173
0.0462360897288853
0.0339732490512271
0.0254494425870285
0.0979695691728923
0.0321054863754136
0.0129523364060905
0.0667655925115643
0.122651909501414
0.0876602527952587
0.0320538845929531
0.0597918814638646
0.0197531182287148
0.0316117609890876
0.0372185177553659
0.114428698413287
0.0652917871307317
0.0232186411626957
0.0235152473372387
0.0201578044543361
0.0148440684821528
0.0246629058174896
0.033073672871704
0.0513694564479717
0.068980739755101
0.0335322743781315
0.0424134327837598
0.0448444736784463
0.0521508796571216
0.102536066822827
0.116478265430831
0.0286069834447385
0.114019114711072
0.0219330084469438
0.053878831944084
0.358954323163728
0.296502363418248
0.473477136662356
0.364388231386986
0.119135542820681
0.329498147274999
0.0332973101840415
0.0559374988920926
0.0383599383300535
0.119913715254106
0.0911003598000252
0.166658291277802
0.106253434242402
0.0477849814294891
0.127150062210986
0.06733296000501
0.139907357538517
0.787915912387022
0.102199590294669
0.203275059091623
0.153891325221396
0.31901178442499
0.294896647249787
0.213850636984255
0.0569613740074187
0.141612425648737
0.0344642783441701
0.0356984508024686
0.0387102503499649
0.506071556611848
0.0532813657103071
0.0275126161286585
0.0505074192795108
0.0531004827681137
0.23236453101682
0.224709611515877
0.193337847964108
0.179428681210489
0.1851280161255
0.2597256314519
0.0381750852386468
0.399019715003417
0.0979173731624809
0.248723967949868
0.218326680382108
0.214658265588035
0.0927579251708762
0.0888083189440673
0.904462600343622
0.0761967974676298
0.197535205513972
0.195899142769735
0.290435268303277
0.119601170608874
0.110325841726696
0.132647820143114
0.277534066994681
0.179435204762903
0.104588382318139
0.158646537987412
0.0739336165648983
0.03655188733317
0.0734368372372762
0.0852335415062512
0.184340553401048
0.0486927886761744
0.0564056120053422
0.071425541852581
0.0667059494450553
0.0420765684917302
0.0953922384430384
0.0991441602142079
0.071457128683492
0.0747041415336835
0.0557431069681553
0.0310051411409944
0.0435631100392758
0.100333901351904
0.0344378198482535
0.0577443453737098
0.0970728654879018
0.0988788548634112
0.132808160879352
0.0501423930888363
0.0617224365860376
0.0441222438258494
0.174346705215929
0.103354901208909
0.246736056347003
0.130722397557314
0.274981130447566
0.120526850895425
0.102244206938376
0.0470041060417298
0.00352294702327316
0.0661084217738983
0.110299343654696
0.339047768339778
0.341100703877156
0.167418425277954
0.228006333307665
0.183629950894952
0.334085133327826
0.37244247452852
0.400733536832277
0.438165770405785
0.0832362977067167
0.103581842875059
0.113090093676916
0.124228630659436
0.0737632441007859
0.108100910002132
0.144739761525694
0.191441909984511
0.142104748165965
0.120715273869561
0.123185329037385
0.0936077835655843
0.0802412273120099
0.133145326902876
0.0981769513245708
0.0798210477531415
0.00875965814685637
0.0172604191893821
0.0182836769207785
0.016141840851652
0.00794206156018405
0.256041097305844
0.0279062768420743
0.00598861710475286
0.0223469385076117
0.0390310720504221
0.0169615807808095
0.042221836636339
0.0830626355209278
0.00802353784491744
0.0397160444435738
0.209029503886849
0.0213826671194011
0.0831614990762686
0.0222150124560997
0.0382398433533221
0.00837458031708806
0.0470846809919362
0.0149172131172612
0.0436799458385132
0.00517045946198217
0.0356625802633256
0.038904105139045
0.0411468609592224
0.0279094811498421
0.0898946122931614
0.120004881834383
0.154101127977626
0.0564707460658113
0.00826745876235169
0.0180682122629178
0.0213738096833544
0.0119674616266485
0.04636002534012
0.0506261966335642
0.0715670148622891
0.121977399348097
0.161584269545364
0.0369858675623387
0.0358957496156865
0.191881510545087
0.00357704672473094
0.0736051343747902
0.200743266499278
0.0290325829220038
0.026462113832241
0.0325751050391815
0.0376510042601794
0.0526644365872995
0.0203034664910607
0.0073082543892849
0.00580786283955947
0.0228177354820271
0.0337225521869027
0.00621929710621685
0.0100182829056331
0.0250957182835559
0.0208643635643922
0.0250553147604768
0.0637063300394218
0.041466879514976
0.0356366268268041
0.0543576997193269
0.0389268538946608
0.0571621946573905
0.037320010370741
0.0508238832173533
0.0577979313968195
0.0380152444803633
0.0363374467225431
0.0692679626679834
0.0351441050183345
0.155844601322654
0.0128158774747573
0.0117660695657263
0.019039373496721
0.152248024426989
0.010604216419631
0.00775903875038474
0.0131636001317278
0.0187662818295853
0.0233890688193759
0.0369830449468897
0.0234068710065614
0.0187182385951247
0.0228246786761804
0.0127662929507099
0.0512114006040553
0.087261190135237
0.0127012424073867
0.0416826539869809
0.104113695649311
0.0113838248106177
0.0483993992163517
0.0173437953173634
0.0465060444112514
0.0437797960978571
0.0540882058839733
0.0327615627139793
0.0138610905335108
0.0236773502251955
0.0215802026298841
0.00883222224447803
0.0180736884720545
0.0345437798494401
0.00984645062900669
0.00256331740331566
0.0211960983372165
0.00687682769473802
0.00470482518704626
0.00504965260367216
0.0176290333041684
0.0241847993083662
0.0353043618592402
0.0290947541298299
0.0648711017265312
0.0284861007976134
0.0546402908041028
0.064049707982697
0.0685790822409899
0.0482945448684278
0.106238855983693
0.210380664128106
0.0441132163788528
0.0141962135080866
0.0334966289785682
0.137411442616201
0.0186501907219402
0.0420063573452386
0.0167329610527255
0.0628093913495322
0.0248560145245002
0.0512114006040553
0.087261190135237
0.0546266012615937
0.0277327668998421
0.0854978865184336
0.0595690358199372
0.0800742708441957
0.0844247047180029
0.123477335247112
0.222949644182354
0.0145003179091976
0.0127012424073867
0.0188525989440232
0.138120856257947
0.0257275177860689
0.0296879775274129
0.0194120665592206
0.0565359506135895
0.0270082914645412
0.0718777400437854
0.0142083374255677
0.0849318056550491
0.217887605741047
0.0860252894484141
0.038330865529041
0.053960860023788
0.0417802736085731
0.0469792376475182
0.0284021386776313
0.0240562551058368
0.0313252352416309
0.0141928186753742
0.0236773502251955
0.0215802026298841
0.0318596615843597
0.0310837599424789
0.0368381293640563
0.0334209670303514
0.0200253341707332
0.0295409952690793
0.0079532303683631
0.0588214688787388
0.0262749133328839
0.0162488272905952
0.00590658293715058
0.0393799407443712
0.00883222224447803
0.00612447583162473
0.0368824294881082
0.00874429523526203
0.0142838929911759
0.00723559205485731
0.0565399122924301
0.0344668783719515
0.0151340427321434
0.0172426299909206
0.00812281938417911
0.0366081143124814
0.0090130328217279
0.0277212340214266
0.0232699175862918
0.0272425348719808
0.026755177020453
0.020486324268769
0.0251849051670315
0.047793900701287
0.0925628387470293
0.0145128889266987
0.0636520688866118
0.0985877588387081
0.0492078380990377
0.118691496210643
0.0936669007577027
0.0739111725409783
0.114415895287637
0.104201949523955
0.105087973463154
0.280306650848708
0.0138300524290574
0.0188398598800727
0.018534093758866
0.103678554134968
0.0166880026900682
0.114893342855587
0.223617630180394
0.0874931096621255
0.0443530341821015
0.0655901049230033
0.104934494794538
0.102010646399328
0.138912543654001
0.0255103088204763
0.044468384443169
0.209644477688645
0.122906129499655
0.0418715761782873
0.0235622890652542
0.114234331755235
0.0464850600061056
0.0522241512211476
0.0240762881072598
0.0109239839829413
0.0186278382713011
0.0403087311685027
0.0653819669499656
0.208505443714511
0.209741060345679
0.280842978503686
0.227843460485494
0.2278796349564
0.174893284802955
0.607843953993863
0.244426708309743
0.122436115110585
0.0995117768600535
0.0307861298254648
0.135264714451441
0.0291919351070358
0.0497638163219181
0.0828261151776338
0.0158716776053298
0.0325757912744562
0.0216584333791779
0.0296462163861999
0.0303389079870655
0.049148885987652
0.143660498192079
0.0253745245471978
0.0113151037689926
0.0597521172113679
0.176658613818221
0.158885724246346
0.162171148315715
1.4473587167232
0.637094919913866
0.12276722719025
0.102780120412377
0.0887877289290781
0.0337343309967297
0.036410965183764
0.0778825964992576
0.010535965183483
0.0588637316128534
0.271295542685658
0.215919044342932
0.257562751068503
0.279178574014955
0.234878843885418
0.120945414201781
0.0261484229283169
0.0365538015019697
0.0254628072507208
0.0490848649427719
0.0537019128440074
0.0181041330419791
0.0991372908100046
0.0866013869534371
0.0280344434831476
0.0504224503327093
0.0758977769531418
0.152880772077797
0.0477334278896591
0.0373693913363724
0.0441219006798174
0.0410253304761558
0.0204554614525552
0.0283500982320537
0.0545340108086149
0.131571523141699
0.0809179305276838
0.238648354764169
0.00414521128115709
0.211155339296303
0.0119293792060922
0.0553554810266924
0.296549175218662
0.0781831501131108
0.0131970627737603
0.0554659186085168
0.153219301894658
0.107484907170159
0.0789581446850892
0.045398424525704
0.0456828545738893
0.0642165709992202
0.0453879666614324
0.125428990913773
0.132893007981722
0.107403439271305
0.10723259956216
0.0922644978942237
0.066876330040032
0.0477721628280067
0.0808606962571456
0.232144980102567
0.0500540011278732
0.0262893615962336
0.0102994691351741
0.0114671077293824
0.0395389915982216
0.0142739488423275
0.144484443266785
0.0426629539780534
0.0723406880541279
0.0307835880122718
0.0323309603339884
0.0190603809287571
0.0132409828433108
0.0461014326045587
0.0514861950878572
0.0519618663049846
0.0989120747349755
0.104509219645566
0.0437420534811882
0.0261450728000758
0.0613464110469016
0.0264732935161379
0.0133426666389979
0.0398436227358513
0.0548602448396798
0.01799621415859
0.0121266712270194
0.070191110374176
0.0800265779387281
0.0118588231796269
0.00769133161981205
0.0697378159876735
0.162520104242139
0.160098272371959
0.0934156382646655
0.114086063791392
0.0687532475163348
0.0694491761551979
0.302611030099732
0.0421576858152417
0.0221522035711688
0.0152442689543474
0.0149194875867287
0.0229327992779663
0.0423523162434243
0.00961079159858736
0.0392424697103909
0.00565730809243961
0.00954008969144432
0.00958021675914767
0.0036382921479666
0.00844377467474425
0.00958481996564208
0.0084580225228779
0.00905012330579298
0.204084614408285
0.221831966972763
0.466202617223346
0.726647848634159
0.208824906884076
0.496894548110242
0.838121480439411
0.261861539741455
0.254909159903284
0.553324720891428
0.0971681708932851
0.185662071473586
0.0497676065096721
0.0583308673027584
0.175314329347698
0.111337182184943
0.0271259983899047
0.0572786900255364
0.229824085493144
0.0100072110901214
0.0221765996138576
0.10155859085789
0.093298517407899
0.0879229082809409
0.19092999536899
0.202022202460746
0.185452626012434
0.262374138852736
0.192872148205077
0.153268182740994
0.021719608500354
0.0245491231502893
0.22047629527337
0.17766759088227
0.237948856439542
0.227091669178738
0.211532716948644
0.216531700322401
0.130929536154053
0.22440909010884
0.296166020703013
0.625729601829536
0.479037945973194
0.02620659347384
0.0696421399644617
0.067008494924133
0.0397753113881883
0.0185844233800787
0.0554997078899563
0.0510817313343569
0.0627187180247983
0.0558385303799452
0.04171001473661
0.0642856927332694
0.282757927444562
0.320566385273076
0.488632553510185
0.170205819204851
0.122955978943569
0.135605785002221
0.231263800227726
0.13252868921806
0.37039964543897
0.184271690077644
0.00855884966664993
0.108783778915154
0.0922411684651092
0.0367658108210696
0.0580961188006759
0.904396223455709
0.0409393270093505
0.00434705627552127
0.0541873465583787
0.00424034651121436
0.0108805210057077
0.0984389492703009
0.0394483477273904
0.108820568528837
0.197897221664274
0.0107804759066279
0.0411658546824535
0.00365170975224274
0.00422880371687064
0.0231622353785062
0.0180976349622882
0.00488500442872026
0.00858057014401148
0.00598397600882423
0.0137351228007438
0.0148868028928949
0.0225392768238408
0.00241847613636495
0.00230472802783875
0.00430761917005328
0.00196359487042882
0.0140740138163791
0.0138319878065868
0.00821457852113109
0.00617466307747861
0.00594055204241212
0.0204112559686296
0.011003126893895
0.0039254970168798
0.0131317767046023
0.0102528355652452
0.0131333295223167
0.0151558699615015
0.00871436128944476
0.0459511561131049
0.00847664564623633
0.0102170761402007
0.022632068192018
0.0127316491854382
0.031060555727707
0.00721254165680719
0.0138127100098061
0.0216967380638272
0.0032754879863207
0.0140809774589968
0.0137606583542727
0.00540148714869217
0.0339432101082656
0.0116573875959733
0.0129477542410403
0.0226010177262554
0.00793143402534896
0.00611766840899808
0.00966398745937461
0.0126321561967352
0.030983646827103
0.0200497535495191
0.0360605753445287
0.00447537862095575
0.0234389249918704
0.00944945186719698
0.0176794491617075
0.00751224872179903
0.0115052233251848
0.062403357729215
0.559363872922087
0.0818013728017938
0.108294579507864
0.16190741451177
0.14939748029557
0.0108110915302125
0.132800884503381
0.161858450766993
0.0450322106963472
0.288560975988729
0.185381862878973
0.0145025642901059
0.0934714121838402
1.1344830750968
0.250320003137637
0.244312627910281
0.110125903356741
0.74423948005638
0.00631208111709467
0.024969662563033
0.01907506612368
0.0578715057884124
0.00629038470599096
0.141398768108962
0.115823724764597
0.0403570634086831
0.078308628661208
0.0321690558735689
0.157025212173478
0.165705198382151
0.101033135021473
0.207730626670347
0.133284497914172
0.414598294939256
0.163524249849052
0.119021351539271
0.177397605116993
0.0487301146205604
0.00412518337372396
0.0154993143564956
0.219965051480572
0.0093171505557758
0.00384992460192953
0.197294208493784
0.199438663273154
0.17993898480786
0.248072142223635
0.32762815143087
0.306331479807886
0.11723131768314
0.147877309131972
0.229036479575455
0.117683791293979
0.114299211628954
0.0856298538278322
0.135458375770807
0.113585144339259
0.0616820443169451
0.0789801116223721
0.0967938927924768
0.0831457584696708
0.0824467939789849
0.0686518678802585
0.0819886335457455
0.0671790227301275
0.0667810179595124
0.0768844347424726
0.0162822803962753
0.072320604776536
0.0767418376028446
0.0176145966366884
0.173876832916828
0.0306446851502616
0.270896781952553
0.00701098898720599
0.0675755296029078
0.122568237370468
0.178598504422681
0.0330564447148427
0.0151591970108948
0.0324918999430127
0.0448760839308033
0.0252669941689165
0.136992534275558
0.0516749037156432
0.0392574154846988
0.0573335209355896
0.300906895360818
0.0653243437961173
0.0138951327517146
0.0275178275368105
0.0468894847148171
0.0440465358294203
0.0207538727327532
0.00627207004772295
