303.590370233671
107.684971849452
290.642619603229
458.084404332864
683.046822557826
160.533921540964
292.453286412057
214.037464656672
319.343036243651
246.997529733356
394.519785558841
876.289528046111
953.969244400007
144.419892442202
64.7933937281146
642.879551553143
171.825339130158
288.426800652557
2387.98636087467
723.343933581025
349.903610828618
287.177815682026
1704.81881436581
422.917519090875
1424.83121351835
241.424465991432
955.987205616725
1277.05382365513
460.450841634265
1710.69676173983
6930.14786218819
1172.28312679869
420.114255499447
670.353760766241
273.903511883264
435.11962909283
520.657899422449
390.582088411697
449.990567565228
721.188748059005
494.421198618532
1914.34869971142
1023.61473621513
398.938535985603
136.889920877552
304.823142429131
883.60780884306
597.608778112752
963.562818992418
742.366450246928
492.655806203775
825.373457819711
294.867255711336
1599.7653741886
1043.04483476717
355.619004011576
389.784091877074
895.930050371648
1099.63104256623
265.875997683985
919.730639220318
657.84274047858
1970.56794372093
442.80918531119
880.853905562985
387.806549892665
569.101545051903
449.493396219484
155.633168561916
1354.84098034872
2968.29576262374
334.203600317901
1304.58214733511
461.230998168463
561.668802991351
729.111885587372
930.060551001049
596.020593640978
369.421011725892
244.947432546602
812.822577457597
738.300867769197
757.241941332446
823.96735536095
276.785277536487
184.969280931071
1377.37972240093
1645.6524948553
489.859720271485
192.484238577032
1054.91124826178
2074.35333786859
481.68294838126
848.878257302003
727.365884764983
320.036488563105
416.72936559614
807.905901668507
2118.23152054525
960.881887272138
1284.01342087799
1712.42991876747
675.815492988341
500.702758452973
615.000699842716
846.44861286782
139.472262369373
1601.15240101457
263.817660664436
946.252515212491
540.733735340418
935.640573856545
304.632408179967
1191.02280034481
474.873815600416
1964.03377772734
1534.32441142126
661.591616114674
572.565239131756
1102.06762169931
751.813939761482
806.734391456196
2350.76390271661
104.033407074006
899.219722754905
1333.58687165475
455.7873166436
728.620696972514
1468.64990894416
591.683512544427
548.548563154018
618.21446140123
3289.99383712022
287.097519552004
562.449129488729
898.296037489376
482.332328355898
587.57249292959
334.228219029834
600.254488390183
260.605985399749
122.195202444831
424.868023720082
854.786837488821
3688.91318883003
3513.73716413821
533.432778034202
394.572344094919
353.216953690305
457.261945188994
372.225136006087
645.263974842671
2057.70964876647
2766.68727307285
888.819004523532
2572.17927591867
7655.3392504033
1222.79904675386
384.774491723778
3545.7625684206
6349.19634761997
401.86943442235
1252.51112569807
688.057408238097
422.59682373896
521.604408020099
601.027137936757
478.481682423105
290.712269505818
372.432810018299
740.228258429995
969.413352364065
870.742102006184
1044.03495913868
1890.91779263334
2061.19035225347
1645.04935711507
1056.98686875266
615.629497494646
916.099766627597
368.769435314317
40.068343763101
3275.17473578036
673.575037031919
494.272301918725
1488.26157281154
575.88494482043
1942.79595549047
3711.47095008777
2798.36113883997
1475.83450531003
1842.27004387936
4371.33974785462
3023.73829353418
404.870086239393
2887.39282834218
1071.34478050758
1469.4809504023
1107.36688280906
1235.55507750564
564.32582219758
372.706595435463
1829.02090594569
474.636416967547
247.532439273199
207.54288040502
128.270559880442
453.818661170023
229.239384070375
311.750391850619
668.426049286879
251.12506005098
455.083439995533
16.9112905272225
12.4527480481084
74.532551913422
128.122655279015
166.71232557663
138.662384488973
82.0344000794477
386.586252185582
740.669242435402
1325.5049617832
521.273913171823
668.67488730472
383.876449463185
379.847233911212
545.432434153599
558.770585319713
273.403844790858
258.356334675978
469.02067579548
984.958193938329
248.048745671333
173.565837880561
68.0550453165497
312.83476511563
567.470969421942
232.335873468095
443.62025193871
1015.23048441192
312.611064471786
263.939241310101
324.032185345231
1076.41906817294
1267.80811087229
880.556603121699
477.008162442553
510.453986072283
98.4560696831489
160.816912279943
260.13670930312
215.202294286915
213.413125474157
112.619765869141
1905.5419022639
955.628282662027
292.811717434759
437.70940880567
695.870422070225
288.975112996995
157.67916735726
770.998831804987
355.68196603371
450.997021196571
253.560926761083
151.494755173272
313.158368810011
408.724810871563
1210.59022880806
486.398151343796
1013.24383610443
788.309624195505
964.63085074231
1655.67588188907
1182.14469317683
336.842370994794
1081.60257312585
718.985579386342
2522.23431789704
3815.86543562344
928.516269795897
857.603839748778
1854.63268689777
908.163884869778
782.835190669183
588.268221053405
128.86226526093
118.180014606426
164.170433581482
59.9729144722627
662.701828162933
79.9159715875976
223.562727312664
52.8213908668926
197.121951208922
188.940272623207
59.6057416519506
293.43283192229
196.836573425119
78.3050138078597
98.8783325470449
37.1087057140749
49.1202378965954
98.0448308952859
104.84746464387
503.066967777792
33.9995171008133
208.648830474868
69.8657940381708
126.562371092607
104.028517454537
54.2768189539851
95.3464299089787
81.7191492234919
64.8147608737891
89.4095820709415
84.32103606745
125.420827787499
129.458009249421
116.231136078684
165.312280362168
45.0948745804219
136.257384378812
24.2893054349371
57.2538037272983
65.0488478591127
118.396163771857
31.8496630545998
57.223956422707
89.9229928869326
163.338377385098
441.83017934448
199.616010641927
163.418967447385
549.329249135002
1720.48029631674
132.932076343557
365.289140285071
159.831793507151
936.425698263021
312.931302938651
687.152733815915
1304.96626273959
503.876386762101
288.255993346036
180.433725003134
881.631047826412
427.101327276106
282.683344791464
179.203818596654
462.265834798405
427.532943045181
183.21296060084
406.133910903985
200.697612722141
149.712160014714
498.185345789995
364.084650751034
302.479151855226
148.884638745264
235.316221187372
72.6807745242116
415.882599093986
863.188254158723
185.359844359249
558.885688245146
287.05647595186
792.937367071202
281.213978707328
145.00281657666
353.352266689106
196.977488870664
172.868853698909
206.309372760512
223.525773016551
540.575771212175
112.017788295956
727.656105040995
220.118296304881
394.070979540395
1002.11248296746
34.8627411640634
112.498311320015
344.97883994051
1033.64529127665
91.0772438201351
203.316442965271
58.443515561215
333.212811455071
455.643625370671
311.861633267451
320.96470092461
179.267325864571
771.000921540564
1002.11248296746
515.65426083041
913.09203848289
1002.11248296746
447.546954398755
168.728611432757
203.316442965271
137.759508725577
664.20797569933
205.001675965496
737.810620121708
727.656105040995
280.119113099482
2467.89743905
1542.68292345904
746.342465498274
1186.68090384777
448.711860889366
401.081413422865
344.97883994051
246.832320820522
1668.11286919535
1070.61896316387
550.75128498574
876.741817966756
265.492847953085
166.011465161731
778.003397628267
88.6330932854175
447.528061468113
81.8243765501977
165.70400934602
260.977095086998
411.818933293548
437.811821562942
34.8627411640634
77.6509017481242
460.963672557928
197.21387927563
481.903219073899
130.227030038011
135.464355101751
193.784860749565
171.822968013203
248.583772184392
344.478488374612
171.310785667876
194.940589986329
188.161511992835
307.914512161348
82.1027038756314
80.6204752491977
103.137314238903
230.531489113915
91.9123725217091
573.312587828327
197.786920418318
139.229347755228
135.464355101751
357.677481401916
164.874973099898
200.082017599534
61.0913003339295
264.421249607978
104.377364844382
194.940589986329
319.991616540103
239.006356630669
402.676238090211
269.30605159109
243.246695167976
112.820306732289
127.929336351667
156.060285038373
373.920330762377
1067.70310354396
160.545530775188
80.7223583071901
241.432021924502
204.109693516382
1455.25799997929
1391.83804069533
454.866444984462
2336.7381331459
289.010124645744
229.444603027707
604.542268668037
99.4685349768783
239.006356630669
800.122911917137
727.977553006631
223.090212090786
239.006356630669
324.083420465568
101.195668378137
156.060285038373
434.038394254613
650.254749148492
245.315250758429
156.060285038373
321.490932937718
198.309950941585
402.698657944016
409.63838510167
57.1631832830066
92.69523266176
106.801569431089
112.820306732289
75.6068103479278
83.9316438108836
238.857659398029
317.983317364392
295.354620107546
75.6792044804726
123.107562883741
558.458566605778
133.412731007028
98.0663826822392
67.5866496673748
119.108925124029
67.308615902056
63.5747204022091
122.255950077231
119.121957692168
82.2034537181242
88.723406217889
542.703626092975
75.6792044804726
158.50243893455
119.394891324108
317.718816088064
75.6792044804726
92.1114561028428
64.0988440506854
67.5866496673748
955.221368311142
523.547720562481
489.271711860607
238.857659398029
423.473731075456
558.458566605778
199.186586253982
80.0057070848006
49.9992336456205
67.7898816830831
75.6068103479278
171.091764139573
123.107562883741
121.559517449232
121.779484533749
364.580483928933
104.511150342133
75.6068103479278
123.107562883741
165.071767365956
820.651449593958
262.519637000004
1171.19218803166
94.7720748128608
58.2698970395568
824.755069311559
115.349507360813
759.486498688952
274.771708232692
40.1463383023911
150.002605345142
73.422274790276
106.273974532545
424.426773105458
80.6620854648784
187.814251269508
422.330741583065
284.179310078876
860.686575629999
81.3452126461458
467.540523163979
284.179310078876
199.374133208218
1278.51215384471
838.315002302171
939.385607320535
820.651449593958
511.802172628949
1416.74784782096
662.429763105283
926.937637910782
824.755069311559
539.293530913735
1428.84308435941
1236.8795181374
122.078560380431
289.412309192979
295.849054640506
397.684085990221
433.586783305648
499.528556192973
773.837847932923
130.898431730091
86.9902123635352
38.8506408612704
189.661077653241
195.535138628057
71.6321145294543
344.535039954411
96.7041908531733
167.591552257024
1682.31693104719
644.096572450499
1406.2715957662
613.827750041567
740.916952694017
1236.8795181374
732.069506052746
315.300505593971
993.485121827901
433.586783305648
557.984461692885
351.031932049284
632.132241913634
497.113200656575
497.327535453535
69.4482995806808
409.754024938274
58.6777743902102
604.575886199132
50.7075957452202
215.867382577959
516.208598442912
269.702212516704
56.9353491649187
138.754491798787
810.907844055464
183.311779120543
1304.43542567079
799.650499677131
233.448699078063
1208.48003880946
2400.16546389408
2078.78642649345
1361.79639073579
380.160274229851
915.432579688559
117.491736394518
71.7724894357113
641.924369730218
127.083385016461
235.588544977979
238.734895420301
552.484488817334
754.012794901553
131.960260060508
726.067252788668
766.954061763282
690.972765221078
653.043263597214
109.316085774857
481.532103042255
331.41359657286
746.739293088114
649.628236741141
503.449482583222
426.532859318587
440.314496795196
392.491808168956
216.61228273221
736.51565288243
180.46088020473
427.628327604144
761.427023924229
869.461426561099
1723.84505471807
1220.53905735074
468.951765816553
2562.23289964327
539.953629112824
1089.94980751651
1713.76083701888
474.16224005645
754.627662833137
388.457000273855
873.065971107715
395.269591140871
635.469694325537
348.002828680286
572.108827031755
911.244978325442
530.142059237168
1183.81775185055
1835.95109511198
635.719123032258
297.777732708564
944.887760706698
526.99766955004
2587.29074795807
223.041969334757
1898.93438776737
545.132275577566
606.278632088679
620.901073009877
796.478958590777
402.533876677185
1647.28685522686
818.388762692223
461.826246862924
19.2798815422991
9.38859280238252
26.8632987279964
19.2428439363185
38.2071087727819
97.2683893309355
95.6978182740969
64.6005524210788
247.140531839536
51.892461072265
141.607648514478
121.798045428388
304.940032397878
137.80989867868
233.907416037054
175.058273807935
338.05089762108
150.999053129923
241.113604733746
266.669662746821
49.8659369054686
52.2756540394273
76.035098393084
297.281079853247
90.1911172883965
215.229243958329
83.7974651122906
72.6491857303744
178.494496513846
110.696061835282
208.524633330953
946.908082266613
1314.49963366134
991.511685911348
141.703375416627
4466.0904687246
2125.32652097179
1167.32350765887
3855.87769031896
96.2415723972736
500.854664735172
7608.00792276731
419.093221960189
8584.8060717581
1185.99605732766
54.5200250634903
969.171264065854
183.2491593379
436.781016136781
1588.20617578188
306.895510756069
166.408649794621
7938.89661830954
518.980708735315
7245.6602316826
260.707603922456
1600.08445778584
