246.56104421343
82.5748193398136
226.479249213235
332.159413715645
628.735752528521
148.807160880558
276.039738850691
201.203313479138
265.9875
218.231729503014
388.005093889464
766.729080036681
733.369793799846
126.164091692607
55.6937709161273
558.466434486302
152.447797916665
241.9
2145.19581893702
639.740705636141
283.205224330613
260.101698383718
1466.32031368727
343.762995321423
1331.94808342169
226.642312973272
876.321163347585
1117.89545705018
432.10154201484
1645.07685292615
6024.94998480661
1059.26980846515
378.79412307196
629.322470937877
220.247977522397
395.180283349775
470.724523634191
365.788471406001
391.879333906594
698.8339662366
462.929665000968
1586.67083282672
866.92794435107
356.813177502817
113.780304279754
254.841670022494
760.967065373317
536.79338418756
924.85971776852
533.479996602279
402.693381702245
690.886146749637
282.48263481346
1409.91710973323
987.45448146204
287.578772025595
348.301513111903
825.16834390562
1038.44355947361
213.33852543915
759.924236467861
547.33280718898
1756.81777555501
331.425557814717
799.309373318525
331.07927942379
481.295298138748
321.913546410509
121.97387357286
1217.3662989905
2684.11415189031
296.255960665651
1116.26924159661
441.246023500238
433.180620437695
611.179715788906
853.03469443788
576.593581919167
314.625
184.1875
789.401446810483
583.017808268485
633.876678170532
679.544281844312
221.871435800956
163.287539863973
1162.28322336956
1532.97474541139
449.970029779304
165.320157732956
907.519985746823
2008.20318946688
412.88930805341
734.130304338295
510.564277212923
280.270820055175
312.352267520212
700.44594750382
1547.26724809521
830.810411148272
1124.13088717881
1568.7706368769
617.97639968131
415.274040043955
577.844670839895
700.58896426929
125.643219483134
1475.77451459366
215.354179308098
824.410680575311
457.477688008972
907.02684007585
281.73926368349
945.78785084891
409.080147238876
1793.50622859597
1203.48214784612
551.026374829567
539.378483732361
1027.25442851834
626.23489402798
751.92325431051
2018.53985958059
81.7168920267176
824.65545154235
920.407654041157
430.180400865298
480.65952624547
1189.2247908069
517.925854829227
428.230757080261
540.01286381494
2995.40804757225
211.792330236105
501.010051432894
835.172426729285
437.31435713421
478.365024881625
282.707708520367
549.119957726717
206.55
106.23074252657
401.785382268407
747.648310306121
3515.85269210131
3212.23997346014
504.28540307665
337.596915630175
299.34467090506
368.06046944098
328.058754051859
423.690474692012
1767.55966785803
1617.75248809293
771.032377172198
2281.16071411705
7185.15306074699
1117.08505944163
323.671487256125
2969.75587626614
3855.69171484411
278.02433582514
1167.72768955038
609.983667124076
379.7546028372
427.976503817058
526.259776183559
378.447311750995
253.282424083037
217.24119403182
666.44138870444
759.023572002695
751.657379987828
938.356510451775
1512.2808301586
1726.93516095059
1508.91785070029
1016.71051002716
491.107994912545
785.756103820728
305.756054065685
30.7549999999999
3030.99253004515
512.24021862016
435.056428151554
1395.62717837554
492.57298981555
1626.91047835373
2835.73961390376
2688.8514713255
1264.2621547205
1672.71017874444
4129.70215043772
2130.83625239995
321.7809642035
2270.53811158197
985.17590341202
1056.56587779148
704.65226848613
869.41635351087
494.20413719836
292.288663317868
1033.23072407464
326.028367875662
231.610690478196
192.268431670073
124.79839851282
441.3240999895
203.326506622965
295.008511137555
580.279775324259
186.404967621292
431.163381988787
10.9103168828121
8.8923134867
62.7814884800337
115.743385122123
126.18780909829
107.79441705847
63.809385109685
338.214186645025
693.200017876365
1269.58748921563
416.4076521013
519.029140247526
262.466262159772
331.738163364762
475.796908455308
525.1108843149
224.960440238949
202.864401700181
404.399424990431
895.038065994315
231.343485708226
166.540897491142
47.23536751694
280.020413004331
423.39548630319
176.493349353264
366.040389294201
952.38671352779
281.701317755598
191.875
206.795969889511
831.160626224529
1130.09303847599
851.015534128676
413.505998100226
455.748405958156
78.75
124.983495161237
244.348848074243
174.30477359352
161.293988154807
86.9185444440662
1707.63064570663
896.9301336356
240.110627674268
382.12812366358
568.1360179897
252.72451094349
126.569304455032
697.205198600584
267.931727755005
373.86269288093
191.25
118.215344367963
268.58959361831
306.991098621215
690.449482716325
404.28430698565
860.855065843372
636.7947578296
790.313500074229
1407.13587564258
1099.00188266724
254.88816796738
1032.62831998978
538.940325032933
2170.27317057586
3634.68076578368
784.268529266609
799.369372296764
1830.02294728177
760.68237182596
664.026449205496
525.484360784723
124.81830593437
89.5147407617526
148.363187899791
50.7694137382589
626.20633783019
69.4141598213337
173.25087926604
34.0778561560975
151.119883285101
171.378632699639
48.4837630262224
265.964255152915
175.634519208656
75.1697258705199
73.3799021810228
30.6444750631126
45.2043822297775
84.1408421555601
95.2271678592697
436.473947462379
28.5898507328152
185.33251845355
56.9445834226362
101.194001958919
83.4393094870788
36.69353127707
86.3268598989698
55.5319382712188
60.3160517324612
69.5567760013288
68.4844858706363
108.936727166928
118.849225183139
104.82467338557
137.01230688933
38.6789293537299
117.38261778675
20.7816089183799
49.7058619030062
51.69720930123
93.8175187728951
24.2916991741974
50.31354098727
74.9991507311411
138.015054606075
423.84663946506
148.568193472306
141.50026617579
442.080378884172
1606.58173237826
108.221885645178
284.941658130521
122.889056164228
801.56433493379
250.70924226131
602.32068186856
1193.39552102989
401.277974001005
276.599471619
164.046717181107
824.67209143862
391.961794741862
236.109077626881
142.650036468913
389.345834872245
370.24983775927
149.984655533563
377.055109307249
154.758058092631
110.404987741465
448.48092315441
341.825634212465
265.268785356201
140.71365463934
202.132404108315
57.1084775747137
342.43935979297
779.713240095983
150.378443000272
451.615018773417
254.620729908066
634.431373523152
224.931273084773
125.764380094889
337.92162922685
171.823760852705
142.027034547798
144.456652718121
181.623658099195
448.974283919478
97.6969727663302
679.60356420807
168.02692044336
343.935056277141
921.004421602924
28.8275665939675
91.3490897381623
330.96652494127
966.85828115326
71.8743912299825
196.942932062126
51.1389891170637
296.331681952405
440.560260602629
294.10403753442
299.608513704395
167.752046824736
705.73969956538
921.004421602924
459.637124755487
836.646570441678
921.004421602924
333.78901739639
163.605844814347
196.942932062126
117.463883286581
596.660870747306
178.92117595652
697.638967547237
679.60356420807
220.39202062643
2324.33480716797
1415.3214039744
662.121558367409
1124.03783707967
433.79901348758
389.70419656232
330.96652494127
210.941783999815
1593.2431097843
979.26425438238
501.80148773589
833.11122488411
234.280740352209
140.307758343171
730.980986803564
63.7784750779873
381.068808044862
68.7705822037789
139.21259875112
213.515404606827
362.471936350179
390.716883149485
28.8275665939675
62.5387306112111
446.43925726517
144.558025373334
404.55624931831
108.395165530484
111.470883542272
164.046376376471
139.411924461008
184.239748294747
265.809878284526
144.182480853577
164.121983517411
162.889940608466
298.120859816975
78.0148378655663
64.6546746779401
88.9100876694614
187.756837294269
78.7173073637537
509.443173968803
178.974994361823
102.515635535782
111.470883542272
311.316955598615
136.42090210108
179.584171288808
49.4310829091626
218.377447309867
90.4031229360087
164.121983517411
291.290591938692
181.496961178001
356.532807525852
223.280758995647
215.733224550852
97.0279631062075
117.429070019167
135.02530342961
312.239243344657
964.356319666694
145.072839658267
76.1428908878227
219.735891085424
186.123225064856
1415.03138801764
1385.83071685775
406.66547740998
2145.26000123486
257.415424326116
172.294352219355
534.255507351049
90.425
181.496961178001
734.008132269935
575.424719538785
214.53979871043
181.496961178001
297.967609151222
75.3815845225803
135.02530342961
386.80923745032
455.8
200.2163698469
135.02530342961
294.267209869168
186.530231844511
372.041345081959
405.31076539947
45.3362080967477
91.0536359483452
84.2418580845513
97.0279631062075
54.882983675225
67.37657029815
199.45590641785
293.812591380501
241.65049642353
55.4316949910616
113.977915995671
493.08454508271
111.113767316164
83.2044355650099
56.0006528135725
97.3091222361177
52.8310065702099
49.06754088057
108.21947419883
95.4326428276676
72.8652649910116
69.220801586225
388.312186505404
55.4316949910616
136.571877175275
105.534896276953
273.638177690951
55.4316949910616
78.0174383874837
51.6251765950077
56.0006528135725
663.171171412339
366.224514171549
380.626911999329
199.45590641785
313.25
493.08454508271
177.283305739534
70.1908088784523
30.6785532116301
56.11042654174
54.882983675225
164.309932343774
113.977915995671
90.7419823384851
109.818332104668
340.391076986185
93.3468203095186
54.882983675225
113.977915995671
129.991318612923
705.628798981393
236.160738376383
1130.42956269128
75.6238883938013
48.9654130532952
705.961381471189
91.9975888019303
703.259369711195
209.421435989797
30.8467517742499
133.043821509791
63.751474509585
86.69747648168
403.7445769109
70.8948986743812
147.539896163668
345.860303336929
273.152732737984
612.007037724144
62.8566816928612
413.326272299183
273.152732737984
169.612208426225
1069.31964497679
703.21943368332
805.884651729477
705.628798981393
469.96799227603
1165.25349782346
549.12956781981
792.512356205707
705.961381471189
498.27998435659
1163.61746657343
1088.07162099554
111.908241958321
243.804234548231
248.519614889765
349.194753540475
338.58439019296
469.114252506724
718.98028868562
111.16305967203
77.8585305314
37.2058110948324
181.91398895244
183.763188223215
56.1625103892486
287.486673412841
92.24182318894
137.92349585468
1494.04534954199
575.288013088116
1325.48681686716
585.74552428601
615.50446244474
1088.07162099554
656.67782183679
299.589029878312
829.783487612807
338.58439019296
500.86191659049
331.41922536759
491.59383770218
408.603731452384
395.825006203762
55.2885247933422
405.182166987618
40.8080680122401
512.83984674467
45.117535058775
185.147320832252
432.709030369006
247.438718907757
47.498305386865
114.478211241426
760.70880499647
147.394549767169
1228.73017168475
667.469134309031
144.197206978727
1004.87678251751
2237.20496621859
1680.72003242167
1096.22889535199
302.655552835796
765.581830591853
113.026550618111
61.4396398708413
535.028233808526
105.143098844658
215.00294271205
216.450612080026
433.007944907124
615.445001957849
117.787287474377
606.000046528182
639.32430249557
584.800451630935
519.496017945786
90.6324397610475
427.851121125598
307.476450371771
565.386388541515
514.716706279324
410.924194728284
342.75111210994
350.754329613015
322.168363788104
165.255673854152
613.71322216125
118.166792136035
299.055827077757
665.59006278352
768.343086508705
1509.54754410762
1062.99648362115
397.807665838025
2361.5259391382
471.334884021009
1030.11046774452
1574.99522295346
377.17
617.310364016216
355.448113408477
711.566859654508
338.83812289503
514.712914935042
330.2173890679
525.537925163057
799.364942057345
489.517145009257
1054.31009769256
1371.83589295775
501.54979120621
251.4575
802.32572481342
333.417336066265
2278.57423739967
185.700569152133
1754.54384546545
464.326928485733
430.560531731895
545.56855790328
686.93553117917
326.894476212675
1528.1515982895
664.480261439425
374.80937416298
16.727514096495
7.93034542662133
24.9459155179964
16.6258747434314
37.5760515497775
85.2049793372214
81.912738054045
57.6829210116923
195.132430278775
47.3760303125824
103.344605213103
102.580185439995
242.851369832623
102.040017878499
227.86157625493
156.872399951777
282.39480405821
128.635063204932
225.794037128965
238.972035488072
41.7230079939749
34.8986784975948
62.6666485531175
287.511756926144
83.6385124466701
190.528441535128
72.920680231275
57.1076847918599
174.452550145023
94.8947257798902
176.123490489751
586.06848249453
1159.39981805203
904.630346627344
102.168633716115
3944.53691245008
2068.24510654469
889.155147540807
3715.10417252323
85.6015683760186
451.241749888017
5840.17121876498
383.496151358485
7254.34460769252
943.516536158565
44.32737253782
903.343035131073
135.526064430968
341.212712742632
1258.36100265448
243.91008035681
155.85839318583
6229.04613948518
418.957725970521
6003.79220926518
254.03110076254
1528.28271917099
