0.0432633300312634
0.019638404635955
0.0382007423769288
0.0861346005933032
0.111827426241444
0.0182263712647679
0.0307719711804651
0.0650416098842527
0.043038433198652
0.0291627834451747
0.0652576340189122
0.0923322483306879
0.129136828646921
0.0334706752013238
0.0146640778331211
0.116636573911583
0.0231236616993882
0.0638006153502668
0.345905621972087
0.105343673113456
0.0815905302731624
0.0543549422663175
0.269482259551756
0.065042354820435
0.2165816100806
0.0577761494752373
0.134303867347469
0.280353288157847
0.0646515422296464
0.528877653041404
0.693273223362448
0.123314344201991
0.0628806689180148
0.126258709498072
0.0441085234205597
0.04751814190137
0.0926090210593064
0.0744229869644048
0.0740080272282534
0.111629116306273
0.0871236827660344
0.501644223296116
0.169060624823702
0.0705335519679846
0.0266812355170637
0.0352467291629001
0.0971287237800764
0.0716955128604634
0.162956369298743
0.146747685981714
0.101714315890666
0.165473704674275
0.0684428594923163
0.311957391284104
0.161405398941984
0.118111848955262
0.106900088985176
0.143222086329805
0.172107886255485
0.048734493524776
0.0821505027925954
0.118772118944353
0.236523437267805
0.0714639765825305
0.0753722139778057
0.0696771774152846
0.072583378805723
0.0608409159655725
0.0181530148657485
0.179071965996238
0.377136967318117
0.04991892083991
0.204787020436151
0.0587341401339074
0.0471534413224055
0.0943614154840999
0.119627847021125
0.117246767182584
0.0656136879831176
0.0384136408137169
0.214224474629295
0.0993467078307303
0.0910550673103145
0.0837392548175494
0.0610093457372041
0.0540796187780659
0.258431461902662
0.252495994159212
0.0593104513339835
0.0422104873518637
0.141765703762423
0.258586257584495
0.0567147515664661
0.165139957024787
0.0715406987828914
0.0497637801642886
0.0373577283810138
0.111051677858912
0.264619805592994
0.186385476173803
0.132966344399601
0.240876882981905
0.26617217540311
0.125009530292214
0.259433137367522
0.136192672733779
0.025820923276313
0.254830535422383
0.0524054629146297
0.0903577162910611
0.0632440856976686
0.175306078864316
0.0495840055690049
0.137459679211625
0.0834371710169416
0.309920471514476
0.296366000747297
0.101928181892702
0.0884319335974505
0.18067526811664
0.112633045326085
0.139672329417111
0.246666034034279
0.0192446496441392
0.21997681153497
0.136802927157469
0.113284871244257
0.0870265141711854
0.19277453114163
0.0833465751536634
0.118596528340697
0.136540827711
0.393778478610472
0.030766843924637
0.112317923704287
0.174080069508841
0.0547335833660507
0.0849460860724286
0.0442399593722679
0.0769583440528112
0.0344227905631641
0.0150463623985062
0.0782175025473976
0.0960268250197541
0.370600416117109
0.406355875841742
0.116127579468809
0.0474783619647583
0.0537494695279486
0.124681959338939
0.061098390323642
0.0585312969345173
0.295693612554845
0.341230045662513
0.258210720260058
0.288493775590026
1.50475050957759
0.289215216580083
0.0639955236846241
0.431368038550377
0.358704397446764
0.0519273759539479
0.18403541366677
0.111880456160771
0.0614053918622842
0.142382571308591
0.0987098022524782
0.104816298425467
0.072319522483574
0.0499423351204742
0.0948449028840247
0.175161746649921
0.0814964652109882
0.115270628575098
0.24701937922517
0.375661293478608
0.333905927374081
0.141162826896774
0.100799693880604
0.0902259001202723
0.0649594560381452
0.00657454588407211
0.469615322251713
0.071926867961946
0.0589286246204101
0.253981515695151
0.0827593070497184
0.233603705877611
0.422102867863724
0.511211525498692
0.245244895151543
0.307087791097249
0.893009359313176
0.36794388873614
0.0600830890726886
0.526916941459696
0.221147468505999
0.264709604953036
0.240487094789267
0.139316115247845
0.0874100279512145
0.124750736942623
0.245873708382602
0.0889727113337597
0.0337393029411367
0.0203678721437953
0.0175864725095268
0.0663935595611747
0.0280588158176267
0.038726595275116
0.0580383936072349
0.151456892487221
0.0875311888864267
0.000975926818975302
0.000867994606775286
0.00717038188862432
0.0138507825859023
0.061263897519417
0.0523636828717038
0.0259757290300033
0.156367982835353
0.275521254563475
0.273982479429499
0.114652853666335
0.0743034390201369
0.0462159772905831
0.171207737951113
0.275542183263887
0.190904356897238
0.0225508306724031
0.0267443531663815
0.0543891600637246
0.16546275082148
0.0228108028907238
0.0223948280239304
0.00639472347081189
0.0387929525926943
0.0496198618369176
0.0324852877810659
0.0949491830799365
0.123713691591518
0.0575093290338369
0.0377447672912731
0.0513605800164567
0.0931960529343948
0.191186603530066
0.13491997258395
0.204713323868596
0.255940793583068
0.0297677233278511
0.0226221976066454
0.043892564948829
0.0507728835128292
0.0283955926985517
0.0167821873684211
0.298350231147526
0.136449183473517
0.0360184334209586
0.0590998874474699
0.0992490724801178
0.141591432201206
0.0350020926182514
0.145459198350118
0.0712539822092035
0.120283850483273
0.0667149907535752
0.100046222966182
0.131168985474292
0.0600183903711499
0.124950680202178
0.081245426666704
0.113050160128893
0.122865349568939
0.130329884664563
0.211109030224584
0.184286886670997
0.0542034782811886
0.169191803499909
0.0804037098012668
0.225647285784096
0.455804355389891
0.0993665621063949
0.125318145723091
0.218997593239266
0.0858906675477661
0.0781323051212582
0.0730601328497985
0.0209863637106049
0.0145895175272865
0.0264616851101423
0.00924529697164764
0.108942860966603
0.0115713836827195
0.0277174373090589
0.00572831807554892
0.0225187661492545
0.0283751931806388
0.00864372725850497
0.0476934713511632
0.0302030264462189
0.013108519437987
0.0128987314677368
0.00521902504878764
0.00748869147935224
0.0144246032833425
0.0182133706363027
0.0748601621731394
0.00473926667452453
0.029483459465537
0.00913039754879994
0.0157213088089806
0.013621458507543
0.00719347876190961
0.0152071169825296
0.0097885394770542
0.00979229762384829
0.0121545849078174
0.0109670813036045
0.0202186171976726
0.0198570091337952
0.0204014185249959
0.0223559227864189
0.00669141626366785
0.021688862362961
0.00363991480799483
0.0086851883917116
0.00917291974515054
0.0160815442420637
0.00439610995368443
0.0079567899623297
0.0135050052815358
0.023558770538002
0.0840577161795096
0.0216375373743362
0.0224715363470925
0.0907799139537788
0.296115307950358
0.0166392852874894
0.0408699268882069
0.0196921437915872
0.0961821326885811
0.0398733683259257
0.129814657691407
0.194869461358427
0.0618868862403748
0.0452267223633088
0.0342698100985996
0.111307574662896
0.0543441924708689
0.0362531749708567
0.0204561713583259
0.0706263198092334
0.0550627803785804
0.0195637700352332
0.0542650973690398
0.0205087662935404
0.0155337335095792
0.0644602177222307
0.0579302612417939
0.0458287205043961
0.0232838993939975
0.022427422457492
0.00872712751500613
0.0478060509994021
0.109575500135173
0.0251863800119123
0.0728459586565878
0.0330764335918283
0.0743232275267793
0.0300807467603292
0.0142004019883895
0.0503631213551131
0.0327897802095915
0.0233504272751157
0.0232226433905205
0.0260627081575545
0.0703825964084853
0.0109832240308127
0.161755419158167
0.0190539074332076
0.0398803896258665
0.0897139884541606
0.00523625496068503
0.010960022564827
0.0841044394601692
0.111314023597845
0.00874360075678836
0.0210235140736029
0.0094332951522221
0.056242398992129
0.0879792017971788
0.0549140077658526
0.0586671943681481
0.0228544610498219
0.117652443283882
0.0897139884541606
0.0853066701255724
0.0840110344011175
0.0897139884541606
0.0476183386533649
0.0181765493619159
0.0210235140736029
0.0154519307392764
0.173549335989475
0.0403243114242164
0.185906042788496
0.161755419158167
0.0502850171996409
0.337493012425579
0.224524378314273
0.108571221365164
0.147635083069155
0.101638298780804
0.110704513441437
0.0841044394601692
0.0499427253391407
0.244389756714421
0.169402761752465
0.0690621637588115
0.113293841736966
0.0365235680621073
0.0211452239577824
0.0771832533326932
0.00838128023980577
0.0384467415865338
0.0118860669351852
0.0222993486312713
0.0249686262985095
0.0491574702394463
0.0459204024444274
0.00523625496068503
0.0110014892175807
0.0505347810098475
0.0221955258822676
0.0953845656714887
0.0279317993331403
0.022143776113808
0.036348468461449
0.0222390342255401
0.0437950040867973
0.0294856846376686
0.0387475464507177
0.0212463031586126
0.0257416807511176
0.0421969893918548
0.012372717446991
0.0115652870627025
0.0168105047110279
0.0288297907558754
0.014751080102238
0.109143333882407
0.0292909864804991
0.0163409965678771
0.022143776113808
0.0520948433159616
0.0226127826901963
0.0394134279160943
0.0129993308035724
0.035666494492989
0.015062889421321
0.0212463031586126
0.0392974773147583
0.0273500460708629
0.0411438321445939
0.0248081985332939
0.0321241578420305
0.0145966616451275
0.0199008156369998
0.0224235527166935
0.0362601440243511
0.109335224546369
0.026432908386938
0.01418929491206
0.0428240755336575
0.0379606726353792
0.201799668779108
0.180187922287596
0.0866910150525939
0.571431569571553
0.0518577158851556
0.0265660604124012
0.0620730946848428
0.0157801630927334
0.0273500460708629
0.182994928347432
0.121172044288812
0.0494667388143047
0.0273500460708629
0.037114209984277
0.0143611536351597
0.0224235527166935
0.0614541410836103
0.0592207275477112
0.0401690600718667
0.0224235527166935
0.0561383520444635
0.0245542584918135
0.0812766818593973
0.0666309218344478
0.00523221180029228
0.0110884200138814
0.0129223629958238
0.0145966616451275
0.0098509067085482
0.0125495256873177
0.058849928839018
0.037313586030125
0.0378725426666073
0.0128627220066087
0.0188743554347358
0.12561499109685
0.0208482171014133
0.0185771896810266
0.00958079598344527
0.0106196798864897
0.00548630060009141
0.00539672292808326
0.015059365865518
0.013419521001979
0.00803454912998896
0.0121623075971874
0.0696333208391389
0.0128627220066087
0.0342788363278569
0.0158776930671794
0.0590845282372763
0.0128627220066087
0.0165671509783368
0.00755095412729324
0.00958079598344527
0.179311106129125
0.0930848634551261
0.105960597147475
0.058849928839018
0.0971451482372195
0.12561499109685
0.0534525674883534
0.00998635006176203
0.00669675994733287
0.0102112037197112
0.0098509067085482
0.0275766818365795
0.0188743554347358
0.0195039419766645
0.0182100825166585
0.101282256392169
0.017132552903039
0.0098509067085482
0.0188743554347358
0.0152300308086337
0.0930682499859159
0.0252729476892709
0.141449373788268
0.0155661133843203
0.00699586180076466
0.0961749639994195
0.0154392844048893
0.115499869626058
0.0244340720329396
0.00561866339347474
0.0217936801783179
0.012211898590689
0.0218255751307167
0.116593149926087
0.0129794001950995
0.0284844884769778
0.0678903780771074
0.0401354565414018
0.0921425855701379
0.0134353512291602
0.0954191941860565
0.0401354565414018
0.0219504274733952
0.131266793797803
0.112576747400895
0.134794400912863
0.0930682499859159
0.0964505578798611
0.123959547811727
0.0982380765795764
0.133962729603681
0.0961749639994195
0.117148234470881
0.120960460243424
0.155431445167806
0.0180836219118651
0.037430287701493
0.0383784183791424
0.0365281967094723
0.0489676850079108
0.0863473861734657
0.126164834997508
0.0228513285486786
0.0142609247356434
0.00668102925157304
0.0329616614003148
0.0311348670514523
0.0107427725727301
0.0611203242008581
0.0184409102287507
0.0321699446360239
0.385378601016583
0.145330587001063
0.743731771891084
0.0838319885946625
0.0826529160069892
0.155431445167806
0.16603601770438
0.0842973608747374
0.11701402465787
0.0489676850079108
0.141849885822446
0.105883406128826
0.0686939900488072
0.0898218647604499
0.0461919346018837
0.0105380904488418
0.0435079406878774
0.00787876185739705
0.056412344969907
0.00767506935834801
0.0241483447525656
0.0779695268065378
0.0484278297272099
0.0167301678990531
0.0526676242577526
0.128188886561816
0.0216553868801868
0.338425179138813
0.142086866807673
0.29375386742284
0.204503179858926
0.64414552782968
0.454453356208073
0.249393022397929
0.0380572386953851
0.151743945900705
0.0285346758987406
0.0142678607899788
0.0878231368457186
0.0270005370838865
0.0576929245610633
0.0471933666370183
0.0842849521918196
0.122608651828552
0.0272561567301536
0.124211423776109
0.173220088186864
0.120267119145931
0.102492082262446
0.0272150625079342
0.0961463585302379
0.0801125690236494
0.0773028053938143
0.100880450788879
0.0812810427621189
0.0754531091119053
0.0802302166217086
0.0534115727410369
0.0288545465065962
0.131746859600394
0.019071028711924
0.0763874196116218
0.210174847898057
0.156019140303552
0.465915361852272
0.143682231158193
0.0600261075892866
0.352291079890781
0.129089510235219
0.291603258606904
0.269006642340103
0.156706334387468
0.087576936560451
0.0859035642002163
0.199483388625871
0.0668855881078589
0.078588532818946
0.0834267214978139
0.213160192838929
0.224758100861567
0.198784749693965
0.471594619501873
0.326662705509631
0.0804444280768285
0.0918543040623041
0.391317454798073
0.0498157182429464
0.340344671666311
0.0804887003503924
0.293382295426322
0.20393855066225
0.078948917328114
0.154880084497267
0.106583123029465
0.146900541776277
0.272403401072336
0.234329920880968
0.0842091989881184
0.00283875478759123
0.00135459201021068
0.00430070854842509
0.00283237212435472
0.00656019233810826
0.0163417860285723
0.0167738790372762
0.0110851338371032
0.0423837600423463
0.00942731611196081
0.0262044163534461
0.0206694987425052
0.0629519289720851
0.0220482959943153
0.0505897029655348
0.0283136834220937
0.0663915079664043
0.0268688360908518
0.0420401956617744
0.0495916779030282
0.00820644666384703
0.00701200644791846
0.0124891217916053
0.0562649456079885
0.0180190853321033
0.0468345906677103
0.0145622970062802
0.0148536583259189
0.0358138067149115
0.0199213151102011
0.0311781532408619
0.0957215005243117
0.149596049151688
0.100354521828033
0.0172796778605733
0.543300847958784
0.336824030154174
0.255257608975057
0.636684965560394
0.00849547435187157
0.0626222192616327
0.562078469341956
0.0735648961826721
0.711748611885074
0.216618887657938
0.00606918734472522
0.269811922327948
0.0194289125830448
0.0820273678132782
0.218206473504332
0.0453955687460742
0.0199638203567973
0.548682492110601
0.0652821874689838
0.764439184380501
0.0304692577534118
0.493458284776679
