0.0432637097270916
0.0196386387705992
0.0382010648040618
0.0861357268558282
0.111828433054545
0.0182264828940472
0.0307721429249092
0.0650426637849138
0.0430387817676708
0.0291629795529582
0.0652581831901795
0.0923328047713843
0.129137967702473
0.0334711196779104
0.0146642715497098
0.116637792216502
0.0231238371888991
0.0638014586737428
0.345908413018283
0.105344540680335
0.0815917173946771
0.0543555118448827
0.269484764812501
0.0650429705416467
0.216583373656731
0.0577769039465094
0.134304902511833
0.280356823392297
0.0646520269418714
0.52888617535787
0.693277356088675
0.12331506617024
0.0628811909128616
0.126259992247036
0.0441089652561361
0.0475184279869516
0.0926099321945946
0.0744237454584046
0.0740087286156672
0.111630008028802
0.0871245050694684
0.501652281460305
0.169062278190231
0.0705342494240345
0.0266815484130462
0.0352469740244049
0.0971293505399513
0.0716959919761738
0.16295780586992
0.146749754275623
0.101715602397033
0.165475718487572
0.0684436892865413
0.311960875464233
0.161406718708903
0.118114298037394
0.106901762663715
0.143223330497131
0.172109314118885
0.0487350502534587
0.0821509475499959
0.118773408762114
0.236525029612017
0.0714647480256534
0.0753725698864216
0.0696779116485154
0.0725839266180296
0.0608415047753258
0.0181531500773274
0.179073292185645
0.377139619382599
0.0499193417658399
0.204788904146831
0.0587345350178502
0.0471536981253174
0.0943621448742664
0.119628688988427
0.117247976892404
0.0656143737211431
0.0384140415381797
0.214227417918861
0.0993475565347518
0.0910557269117143
0.0837397712063196
0.0610101867338088
0.0540805170579385
0.258434337832027
0.252498121799765
0.0593108429512908
0.0422110305497689
0.141766825575571
0.258587924450767
0.0567151421539914
0.165141819273439
0.0715412101979939
0.0497642284120437
0.0373579518468012
0.111052563144221
0.264622103471309
0.186387572036179
0.132967131372108
0.240878734613126
0.266177934410646
0.125011470403277
0.259438975533913
0.13619399692936
0.0258211933530976
0.254832762656369
0.0524061029103908
0.0903582118937475
0.0632445320935158
0.175307782197856
0.0495844463868192
0.137460682154946
0.083438023718673
0.309923157953577
0.296369695886496
0.101929129285139
0.0884326602221666
0.180676858253507
0.112634061480124
0.139673632960596
0.246667553279354
0.0192448765230079
0.2199797953505
0.136803960919988
0.113286386823533
0.0870273048284298
0.19277609970377
0.083347246854227
0.118598191947662
0.136542556506304
0.393781094454253
0.0307670698115473
0.112319186251601
0.174081954848248
0.0547339260096021
0.0849468411638886
0.0442403060090199
0.0769588874621132
0.0344230775680852
0.0150464694853796
0.0782182640088965
0.096027442282423
0.370602379318655
0.406358542368365
0.116128941191455
0.0474786970553864
0.0537499521705774
0.124684088635632
0.0610989614073285
0.058531701676804
0.295696129721777
0.34123389346811
0.25821568561617
0.288495651901688
1.50476651873725
0.289219154776578
0.0639961684895063
0.431371266398493
0.35870621303724
0.0519278620387309
0.184036872970985
0.111881486350069
0.0614058887619722
0.142384945647013
0.0987107282881592
0.104817754975099
0.0723205590958047
0.0499429170707077
0.0948455783069186
0.175163805013603
0.0814969083713198
0.11527133850659
0.2470215095772
0.375665595559203
0.33390991819378
0.141163811247724
0.100800768509901
0.0902264190142351
0.0649601591464609
0.00657461615900437
0.469619076214996
0.0719274192514833
0.0589290245723768
0.253983831046413
0.082760002870747
0.233605409762868
0.422106163012406
0.511216403483946
0.245247287970538
0.30709062018226
0.893019257145007
0.367947494473274
0.0600836514071932
0.526923281717459
0.221149982604098
0.264713008994849
0.240491396125552
0.13931724782887
0.0874108015841288
0.124753425028659
0.24587684968972
0.0889739885598531
0.0337395490876604
0.0203679802613675
0.017586596534563
0.0663940595099032
0.0280590117097497
0.0387268500423491
0.058038683961812
0.151463098328053
0.0875320835948058
0.000975931184077934
0.000867998843398625
0.00717042284170648
0.0138508654646088
0.0612654958120757
0.0523653564104093
0.0259763828890158
0.156371631653896
0.275527127709099
0.273985603426345
0.114654644593412
0.0743041023397034
0.0462164452031082
0.17121222812207
0.275550230201343
0.190908143211797
0.0225509439346098
0.0267445298153278
0.0543895260014374
0.165464286412625
0.0228109154072959
0.0223949788276088
0.00639476676679662
0.0387932234027314
0.0496201540014244
0.0324855868429771
0.0949504171883529
0.123714495609503
0.0575099166046934
0.0377451389888211
0.0513612190815623
0.0931965755636779
0.191188222768265
0.134921042190434
0.204718403631464
0.255948004137826
0.0297682862993819
0.0226224025062071
0.0438929596016991
0.0507736239207346
0.0283958427964638
0.016782349390767
0.298352843272037
0.136450221853845
0.0360187036504862
0.059100344973478
0.0992499405765109
0.14159540639802
0.0350025775975391
0.145460716970087
0.0712549317698336
0.120285788650773
0.0667161569435049
0.100050493889194
0.131172197463602
0.0600189785518297
0.124951823474721
0.0812462457663601
0.113050903068646
0.12286653646537
0.130330965727111
0.211110619769814
0.18428843302481
0.0542040561063508
0.169193200416194
0.080404312657225
0.225648459896512
0.455807218094463
0.099367195415944
0.125319137012512
0.218998904604146
0.0858911527177018
0.0781327682133414
0.0730606410995544
0.0209865401595367
0.0145896364339361
0.0264619210951363
0.00924538115608583
0.108943808634786
0.01157148013948
0.0277176590512837
0.00572836622254913
0.0225189339531764
0.0283754281406771
0.00864380431751735
0.0476938989903321
0.0302032861454036
0.013108633736178
0.0128988448398161
0.00521906950106226
0.00748875352130986
0.0144247269281405
0.0182135448165398
0.074860804198949
0.0047393059595866
0.0294836940296945
0.00913047075623104
0.0157214309538191
0.0136215697099131
0.00719354927963598
0.0152072509329866
0.00978862574909342
0.0097923771144378
0.0121546911102737
0.01096716913588
0.0202188048376919
0.0198571750461389
0.0204016170620624
0.0223561051928451
0.00669147415081934
0.0216890627422294
0.00363994668636001
0.00868526428073959
0.00917300112916918
0.0160816820857797
0.00439614973317588
0.0079568528916002
0.0135051268747806
0.0235589716164843
0.0840585497847256
0.0216376949696139
0.0224717147894894
0.0907808472170582
0.296118039690032
0.0166394132116504
0.0408702200706261
0.0196923015769139
0.0961827099192363
0.0398736857158301
0.12981606617355
0.194871052933198
0.0618873635269725
0.0452270921232601
0.0342701681555666
0.111308326079787
0.0543445693982678
0.036253453585134
0.0204563181109458
0.0706269609184802
0.0550631898854096
0.0195638976986164
0.0542654881327505
0.0205089022612657
0.0155338428310457
0.0644606810866143
0.0579307522169746
0.0458291163918256
0.0232840920495969
0.0224275469978382
0.00872719426468312
0.0478063848024497
0.109576270172386
0.0251865909695841
0.0728465473904401
0.0330766485473129
0.0743236634664289
0.0300809480396071
0.014200482173877
0.0503634966886455
0.0327900931514884
0.0233506192457721
0.0232228300643294
0.0260628951895314
0.070383148439355
0.0109832858422508
0.161757344973357
0.0190540157081394
0.0398806211545635
0.0897144258565633
0.00523630252723397
0.0109600883278711
0.0841055081925493
0.111314664585053
0.00874365399423981
0.0210236262991809
0.00943338218030288
0.0562429328344383
0.087980080546192
0.0549145206537035
0.0586677691257762
0.022854616793747
0.117653424893687
0.0897144258565633
0.0853074619462754
0.0840114566116366
0.0897144258565633
0.0476186783889166
0.0181766503443665
0.0210236262991809
0.0154520323921338
0.173551883292973
0.0403247660198014
0.185908520735996
0.161757344973357
0.0502855914322508
0.337495463895583
0.224526160998794
0.108572111645814
0.147636052937818
0.101639489688077
0.110706086054802
0.0841055081925493
0.0499433173383611
0.244391633231171
0.169404228439696
0.0690626392572142
0.113294612267816
0.0365238530034051
0.0211453833266551
0.0771836615149907
0.00838133539520613
0.0384469357499124
0.0118861696658129
0.0222995272546413
0.0249687723183643
0.0491578036365194
0.0459206723033482
0.00523630252723397
0.0110015864382835
0.0505350673721083
0.0221957038556014
0.0953856928168521
0.027932159672197
0.0221439974239039
0.0363488726546201
0.0222392116269363
0.0437955456056214
0.0294858484092711
0.0387480682964562
0.021246441044534
0.0257418841813336
0.0421972885326929
0.0123728155863927
0.0115653905269507
0.0168106636902975
0.0288300121415771
0.0147512188550077
0.109144536217464
0.0292912265174947
0.0163411272811611
0.0221439974239039
0.0520953083067566
0.0226129704049204
0.0394139297194835
0.0129995018829449
0.0356667864316637
0.0150630157242574
0.021246441044534
0.0392977426096954
0.0273502521513951
0.0411440698243561
0.0248083365970581
0.0321243970213449
0.0145967714406492
0.01990098429758
0.0224237389183868
0.0362603547873736
0.10933584441819
0.026433149199661
0.0141894271350164
0.0428244928559647
0.0379610597722437
0.201801107788455
0.180189095402477
0.0866919396744428
0.571439283970967
0.0518582383159205
0.026566265268212
0.0620734554740981
0.0157803007984581
0.0273502521513951
0.182997210099473
0.12117332068892
0.0494673091275126
0.0273502521513951
0.0371144412158237
0.0143612904400742
0.0224237389183868
0.0614546295739797
0.0592211126458073
0.0401694631119207
0.0224237389183868
0.0561388876415394
0.0245544201271178
0.0812775699726085
0.0666314695391229
0.0052322419929781
0.0110884875365918
0.0129224621089223
0.0145967714406492
0.00985099515927023
0.0125496426001036
0.0588507986525237
0.0373138234386611
0.0378728395642666
0.0128628715353185
0.0188745118216687
0.125616592192375
0.0208484130295211
0.0185773971133612
0.00958087805318041
0.0106197378424549
0.00548632909179327
0.00539675261113893
0.0150594706536091
0.0134196153624833
0.00803459343768496
0.0121624144803948
0.0696339518221456
0.0128628715353185
0.034279267419701
0.0158778125867973
0.0590851666505954
0.0128628715353185
0.0165673271295452
0.00755100937546478
0.00958087805318041
0.179313635208167
0.0930860608367389
0.105962088100007
0.0588507986525237
0.0971466682367472
0.125616592192375
0.0534533775957262
0.00998642124165388
0.00669683310484805
0.010211296683917
0.00985099515927023
0.0275769134046821
0.0188745118216687
0.019504151952668
0.018210234005784
0.101283766207746
0.0171327107277159
0.00985099515927023
0.0188745118216687
0.0152301201290304
0.0930688639693607
0.0252730829254639
0.141450259006293
0.0155662736182671
0.00699591178366982
0.0961756193029175
0.0154394140371218
0.11550081855915
0.0244342145909523
0.00561871457155924
0.0217938588170698
0.0122120155587763
0.0218258498805127
0.116594833817245
0.0129795190142213
0.028484767849173
0.0678910490271639
0.0401357529551288
0.0921432851666901
0.0134354958501835
0.095420300200688
0.0401357529551288
0.021950570721912
0.131267608659318
0.112577649258656
0.134795528427065
0.0930688639693607
0.0964515478138568
0.123960207263186
0.098238955899015
0.133963862016126
0.0961756193029175
0.117149611950514
0.120961089064022
0.155432555419395
0.0180837681622979
0.0374305751838505
0.0383787147188042
0.0365283877706402
0.0489680391992369
0.0863481809740617
0.126165942532924
0.0228515634344734
0.0142610553417692
0.00668108923775079
0.032961960032697
0.031135131003133
0.0107428753943883
0.0611209746267455
0.0184410946117341
0.0321703198548398
0.385383621919471
0.145332424368036
0.743752735875003
0.0838325886325161
0.0826534713294698
0.155432555419395
0.166038119698176
0.0842985470508256
0.117014849786024
0.0489680391992369
0.141851896312439
0.105885097829495
0.0686944702741824
0.0898228521601484
0.0461922041862577
0.0105381908812741
0.0435081745314177
0.00787883791656661
0.0564126552607405
0.00767513464256789
0.0241485022409531
0.0779702293182915
0.0484283036410562
0.0167304625620183
0.0526688360826215
0.128189967495071
0.0216555461824521
0.338430145194717
0.142088392900003
0.293785482138932
0.204505297298791
0.644154829561053
0.454460423204686
0.249396024349309
0.0380574783351622
0.151745451489078
0.0285350367160978
0.0142680265326798
0.0878238580726319
0.0270008842477884
0.0576936986751477
0.0471938812749439
0.0842857731711055
0.122609874127089
0.0272564721417864
0.124212698046089
0.173222439903824
0.120268356555744
0.102493093976919
0.0272154712526396
0.0961474393155753
0.0801136131323851
0.0773033348014599
0.100881440052909
0.081281847255619
0.0754539401669645
0.0802311346119358
0.0534120156901294
0.0288547986633851
0.131748275926759
0.0190711827683554
0.0763883962535104
0.21017817400634
0.156020730454447
0.46592259236005
0.143683204306017
0.0600265612717361
0.352293713668853
0.129091291832574
0.291607392742708
0.269008943185186
0.156709643740503
0.0875775581260995
0.0859046046856861
0.199486207951986
0.0668862483653807
0.0785891334825542
0.0834277801623461
0.213164518849745
0.224761274859504
0.198788838259514
0.471605254299627
0.326667004634883
0.0804450756942784
0.0918559879258038
0.391327065379517
0.0498160907766397
0.340347222338782
0.0804904496707902
0.293384754218163
0.203943099929745
0.0789496450131991
0.154882286303284
0.106583951475862
0.146903848350189
0.272405834733108
0.234334115150718
0.0842101467841799
0.00283877888385306
0.00135460358320233
0.00430074563601745
0.00283239626304921
0.00656024961342293
0.0163419427582027
0.0167740507905654
0.0110852403710445
0.0423842204118275
0.00942740991159589
0.0262047490105574
0.0206697069931841
0.062952745858594
0.0220485342045725
0.050590264582722
0.0283139389755399
0.0663922886326122
0.0268691167199966
0.0420405870598902
0.0495921925939448
0.008206527374098
0.00701207689348174
0.0124892462477425
0.0562654962960253
0.0180192794379664
0.0468351664574355
0.0145624424273732
0.0148538515076059
0.0358141744371751
0.0199215242240967
0.0311784292395328
0.0957223002834298
0.149597020621999
0.100355082869742
0.0172798239902215
0.543304667784177
0.336826776718326
0.255261283000431
0.636690459609739
0.00849551651746489
0.0626226539738641
0.562081263333224
0.0735656018576517
0.711752293333677
0.216621434065035
0.00606922889589614
0.269816715315996
0.0194290523982311
0.0820283610655556
0.21820840624205
0.0453959912539265
0.0199639482158627
0.548685304055621
0.0652826961269354
0.764444327949228
0.0304694404920007
0.493466492130779
