0.711157708024301
0.345185397632141
0.540929553521877
0.880789316845848
1.84605159711054
0.603328326302846
0.378011014650519
0.258049014019001
0.540605021987362
0.418796527493706
2.10982698226362
1.60556824382411
3.64129165320827
0.562288083933159
0.346842313367704
0.873948645222481
0.281424120613835
0.70739784914792
3.1012544028003
1.18796739147642
0.68178562024763
0.421772288855729
2.15595708684032
0.979425352827808
4.1784967912527
0.992546074205999
2.1760095531007
2.62385977479211
0.991206698699744
1.61220549433922
11.3010632650151
2.72623427601919
0.718352718595151
1.41267013223051
0.59200577233748
0.753509254711324
1.08232146214206
1.21112437316277
1.33228140415074
0.704268054528589
1.35898102036588
4.8294509478903
1.25266725153568
0.795317379657115
0.403579118896895
0.565300422070382
1.09347604513596
1.07652433415194
1.26020928474799
1.02938735475596
1.02193320787987
1.33162014961442
0.73010615572496
3.27634354768284
1.53904250616304
0.3075914400969
0.739895905107826
1.01304149363413
1.74875508641924
0.524149134257697
0.923865693968536
0.744369928440497
6.0439748794182
0.950618741129751
0.84545484416795
0.59994704954501
2.05960931824521
0.792646467000329
0.421662808626442
1.96206994760335
3.43759116547226
0.642237131215676
1.94427218313135
0.913282215286076
0.704623682380888
1.30267958996671
1.52226725830295
1.49144276800246
0.879839203006205
0.461948428560232
1.98357646626898
1.29111031435192
1.36729776068558
0.911826793904447
1.10534939603336
0.491127272318137
2.19905536195551
4.83032075185164
0.943766202591448
0.690234231351439
2.36389502908392
3.41969157258926
0.625975167371446
2.12224307681697
1.10892114869208
0.904099419532823
0.397635043468015
1.92293183258171
2.97276270393066
3.4582877824997
1.73104666803278
4.67004608400956
4.40232519808591
0.445229647247849
1.41390346129964
1.4659089123912
0.405383255810183
2.43820493010346
0.809288426462852
1.9147572020504
0.821271406764438
3.26164154721421
0.75806729515147
2.68508563355381
1.48489810472606
2.84348437597189
3.53176533395778
2.10723838481625
1.24434866622225
2.5068743298599
1.80411513374553
1.06364410161598
3.45386571155145
0.315996521707943
0.54289990275882
4.90651022919397
1.50163330435569
0.715080933157987
1.52248858659798
0.836114697098387
1.64052658990839
1.28303258665973
5.18578742046073
0.300671209589537
1.7962882435621
2.20301266185026
0.739589006537292
1.64522648627108
0.542560073926578
1.20760765773059
0.707544746082043
0.260477201113377
1.30123302960298
0.73506153013618
4.01680972564233
5.06642478366017
1.38051054588214
0.81921115173544
0.371230878968097
0.5401904767678
1.09467516823961
0.688675646620362
4.20222209297601
2.88964999268622
1.34825333713171
2.49947416030631
4.27589159339547
5.22261664701109
0.554629689106916
6.0846691407206
4.23324418016234
0.93407443241304
1.24861449746423
1.43076700654592
0.357658041933967
0.38973386801781
0.762766647731921
0.821789483348336
0.498820657459024
0.620246092881713
0.831940315615158
0.872249769414253
1.60832919569453
1.14815037394735
1.268292970046
4.71968355055581
2.78864402093036
1.73828239749042
0.804287489877042
1.58488467206198
0.799139828345157
0.0707949323673024
5.10187580671426
1.05832022648209
0.729945140666603
1.89476838160123
1.35844729678861
1.74746949068448
2.85477142339304
2.05407885906157
0.909868409298671
2.9872241738211
3.27729754269293
2.80315560439049
0.463440532901657
4.06064088196557
1.47364226191673
0.849249168910408
2.80354004619622
0.443392433240864
0.580539763588551
0.432152838405775
3.4144416076971
0.884549520290743
1.38685502375723
0.652467980887473
0.584991131679799
2.23515438572268
0.950951146730289
1.53582189006038
1.46170107137445
0.589492227035441
1.9357767544035
0.0786307348245692
0.0709376996361684
0.44794695402878
0.668739558483375
0.666981711029791
0.816386496801696
0.415020390957301
0.434503199176907
1.03850189944025
2.18759690449462
1.04771848402127
1.08749759420064
0.52416643491467
0.266336023575503
0.305409145937035
1.32819374533127
0.444898802470351
0.51447483076407
0.428897466734414
2.645653601887
0.428918710245435
0.425465498364433
0.119222548544393
0.679675177095775
0.92602067363168
0.717043543345405
1.55571658970721
2.3624778269132
0.60694429118302
0.299296371651407
0.663232744995225
1.1780793987283
2.37968778987848
0.680031263185231
0.406030865751267
0.458026795659643
0.0997159090909091
0.333592586417619
0.390645640406463
0.300741521656684
0.423760888419855
0.204807377879866
3.03022118604039
1.36132267575979
0.482860894907362
0.866204060863348
1.07546959427452
0.321920468485272
0.547453545182808
1.16181502849622
0.580986760581868
0.753122765581863
0.342332935560859
0.220997683816101
0.331047157294548
0.604610730913274
1.56469893348616
0.363999376041101
0.455394538494656
0.67187522152362
2.89247621085726
3.99841888160733
2.2118276883869
0.920429495437761
3.63692993203947
1.1536948853916
3.21521951196424
3.87699281683592
1.07250397164664
2.29415425233152
2.54801802704573
0.842591226701053
1.45641611908887
1.27574082631542
0.706385432565762
0.763533346938928
0.822184471597624
0.718858955585967
3.73047189116205
0.56126266279631
1.40840060372759
0.289562240306723
0.718122403493205
1.37639700993586
0.354867432945818
2.5281773303509
1.47097587276932
0.498183917624189
0.490220640875309
0.200700614412526
0.33797668956843
0.476313853130824
1.78830362177032
2.48402331912857
0.216200780662181
1.46132480546856
0.416566082096827
0.545924887498382
0.713995588722463
0.220018175848118
0.715366562245451
0.647886110791527
0.323692502756886
0.490008989090023
0.347659043698896
1.65024392602806
0.955379623658671
2.80467353539988
0.77309807808904
0.347597657638552
1.24428374492381
0.171944225201199
0.362155642280555
0.588638876188216
0.569540256627076
0.275338046746358
0.328390575098442
0.994354003727426
0.992289419294148
1.14102133987969
0.626176464769217
0.350736523441152
1.9385947548365
4.69760740461479
0.465370396238132
1.18886683271314
0.647593998625796
2.43423857551164
0.95878098288182
0.562161285066614
4.35883859208287
1.52309332068513
0.753240893539844
0.708739934897045
2.12263979006755
1.3830081409319
0.820571102573983
0.360303186198053
1.53868827692435
1.50149475443512
0.479586412034254
1.2705083288931
0.370977875750172
0.423656898470702
1.46550420114177
1.52371152487865
1.15165261998676
0.666060728427147
0.450221130068358
0.115312423169538
1.12951054603107
1.68336416698633
0.923275168075349
1.16572134036309
0.835335591250576
2.31766335822879
0.73902426575144
0.216499191074004
1.30730356101107
0.618210068280477
0.522542437629867
0.590372016217098
0.494129999929794
1.44202435818043
0.186631592275333
2.06946988903019
0.31075812917211
0.560622761306695
1.49492470079806
0.201355521287775
0.347450538632291
1.14165755412649
2.12251420043523
0.115560650730522
0.707664146827619
0.201582612927573
1.11796909012933
2.12356575575166
1.06174742792209
0.976416476411201
0.356759845228167
1.81034328294579
1.49492470079806
0.700132710975609
1.38893046261905
1.49492470079806
0.475009274792074
0.63709441127082
0.707664146827619
0.251132062933977
1.89202920755119
0.56963125105546
2.2153950161072
2.06946988903019
0.530394129418037
2.90287849028097
2.35494409979102
0.625749848427557
1.52184922431583
1.57630455482406
1.31341780378929
1.14165755412649
0.443015402708842
2.07778183331286
1.45924711005831
0.471285736309829
1.133754601278
0.672737230013521
0.393459782229869
1.31064769698967
0.140543135914472
0.624702964007971
0.615521891164823
0.881599646668002
0.54367348395257
1.25501772107396
1.06186181955388
0.201355521287775
0.278942328645742
1.26442284559387
0.579634817752295
1.93389461533425
0.513997650539431
0.55481337246547
1.71987016949007
1.80766863705154
1.08235457262091
0.734953955199407
0.939048728701633
1.12497461104062
0.90854042032192
1.24113596926301
0.447685749174758
0.4745297224069
0.515944219756051
0.965268747737388
0.399103139971018
1.83515340808819
0.699203009578555
0.379814143735995
0.55481337246547
1.04688341521182
0.941458741413386
1.14054282994384
0.627811888019541
0.875435747884816
0.647842079157324
1.12497461104062
0.781662910570615
0.377207085331285
0.825861822811266
0.399646961214343
0.602687579761679
0.481906224762878
0.957471319818724
0.349969683867114
0.820742684938706
1.6800193717354
0.821156171474721
0.518772889714343
2.00580457403399
1.59113678191798
3.13576888459439
2.53087407428776
0.620673805570787
1.21408278601617
0.552678255595406
0.270577610608867
1.06256067492253
0.199556418687794
0.377207085331285
1.72760640259358
1.64623424941004
0.613584437896269
0.377207085331285
0.849152491169058
0.205654379469316
0.349969683867114
0.681746338345236
0.913793103448276
0.505341670486876
0.349969683867114
0.776861083632534
0.520423614319824
1.20585144096833
2.09571233402001
0.352344820834287
0.355109535308082
0.427163955968964
0.481906224762878
0.337828060581021
0.307538548336934
1.39560984082461
0.556638947989582
0.754961196845186
0.322652473754724
1.83588589523229
2.76237840382471
0.364009065736818
0.686694103700219
0.736850694915428
0.330936507533913
0.13264401691443
0.18408957028821
0.445500408365681
0.408705108469668
0.261360986367401
0.353467922993489
1.01674585163972
0.322652473754724
0.697982336500554
0.321181525570234
1.72824112225864
0.322652473754724
0.585130787906128
0.473625473348695
0.736850694915428
1.87867187368934
1.34682628564468
2.21187551767164
1.39560984082461
1.07155074116306
2.76237840382471
2.61351310672531
0.583303120873565
0.116280050075667
0.341183237142579
0.337828060581021
2.50218171081889
1.83588589523229
0.784512815606499
0.405732754081284
3.03018762895714
0.387331204603812
0.337828060581021
1.83588589523229
0.420468881972723
2.24172646233687
0.315203332443156
1.27580138997238
0.540539356445299
0.291261416609435
2.43417752011044
0.315916564255268
2.10997486428968
0.790326234672665
0.336800892853827
1.0056222336341
1.22217061125492
0.406053399598057
1.0539913902063
0.851590374467042
0.742240469949877
1.67852390042136
0.865588942081853
1.5373720497918
0.335467779398604
1.9488770498055
0.865588942081853
0.50539013772326
3.25565426998567
2.97315455022691
2.84994501481574
2.24172646233687
1.68558170795498
2.53506521004311
2.5127073081015
2.89418973064628
2.43417752011044
2.16160868823991
2.45632072821646
2.76211605849899
0.322479471485182
0.672993578164511
1.5483194056844
1.55029614457601
0.974582982161708
1.70753589779614
2.54715215035949
0.873487954032969
0.529079266062385
0.282933924675531
0.983189236363044
0.55546947244983
0.221431188187248
0.556470696177772
0.405770694771538
0.668719979901478
1.25550029373276
0.882739840442095
1.11521334135473
0.984570364812388
1.02956562197521
2.76211605849899
1.76272035454422
0.833569737575043
2.1837528879612
0.974582982161708
1.28297754468387
1.28590784897049
1.46892016338144
1.55713543360701
0.865039084386286
0.553013385181208
0.915307711822427
0.517596531632435
1.5316458126844
0.524354820967678
0.524576398963592
2.02458920038449
0.354624851066065
0.13159327180827
0.140336790243727
1.88995976396639
0.447582614589998
1.12370534101608
1.06407266119587
0.447354313274231
1.43664044520784
1.843304890407
1.13861349580693
1.51982615715269
0.670622262700109
1.4973751144348
0.251643367707088
0.122799499679633
0.933988220720592
0.222384926043532
0.426562835338347
0.558311058259944
0.839289658232918
1.3483141870941
0.666323363455215
1.30628274339002
1.41533387417151
1.33624783512677
1.15796763498674
0.218128615550054
0.957177206548384
0.615205818691227
1.24725217821589
1.13877710290212
1.16672186660129
0.877855269909882
0.860308945190488
2.16385294940953
0.610557910907851
0.978080476202334
0.395865053948694
0.598009891116416
1.09871145894837
0.860989603762296
1.55278318558274
1.63363723695229
0.754170213346286
1.89189388608372
0.752456648019087
1.16150690420515
1.35507720292156
1.32325999732086
0.757142512771537
0.721695756131789
0.752783180274228
0.971342104132412
0.534967611742717
0.400372077379096
1.46915084781734
1.01105647030271
0.756668047259107
1.39297783345012
0.587904178565008
0.519788910502637
0.22692229061168
1.24230999822078
0.269595898915903
2.02720905282004
0.248938387806658
1.44463886013621
0.393650702437895
0.602748347697504
1.18300679456878
0.833393999511157
0.935259612941805
1.57636105432362
0.739283494545259
0.528507110894855
0.0799191118080719
0.0355090093729313
0.13555516356949
0.085321666537923
0.180365047438932
0.937686431808216
1.66486930334775
1.12844999492352
1.12841253526079
0.598655276206551
1.07730493139639
0.920943772098653
1.3538648219254
0.873668324142191
1.6704312373827
1.1043812082095
2.72681230825439
2.0788631621933
2.68283699281766
0.973549252583923
0.486290646036642
0.602342793501307
0.898666361921109
1.90525656806387
0.708233308315589
1.0829085009864
0.840243101569755
0.182205612555563
0.654732910241427
0.443539415878426
1.66765778499436
0.895286753516908
0.805138762536132
1.99918308646927
1.23180360612984
7.82202787171405
0.835654588502905
0.836851903567819
9.087001104579
0.345864922731388
0.496552131926291
6.9733387686746
4.09062561449051
5.47497706240945
1.05938698796751
0.412347651514605
1.00371448347897
0.340678245231026
2.08741894854316
2.74370089776002
1.74048818490489
2.37750091300419
1.71291036948758
2.44845424268486
9.3440600899034
1.3983363344727
0.955176699481867
