385.156297754582
814.667159887589
246.376550061929
894.86166164263
1076.51200096905
555.216911124913
662.049393101674
12676.2720343272
1170.29944746447
7554.24695518943
2869.68278020706
604.267433832559
2223.33521088152
1543.53937794399
431.630882871445
830.471015307766
3016.15999469196
3105.30270887873
1159.67555633729
7692.27093206537
1300.95884224073
599.132407992154
1273.50265155708
1148.73444164474
429.70822402472
2551.12168254637
222.088334967801
13328.1913762373
7281.67054691895
1159.68858032479
1667.33949596991
3876.43255859216
1319.78472787149
1069.14717039793
246.376550061929
2445.69036026567
1929.34988582829
2958.62016203567
793.469424397697
2376.76761048733
3261.63216907174
1768.04702387719
14419.0635402225
873.38520675017
546.909785830776
1441.86152410281
203.382117386942
990.679069268441
1469.6353923666
2273.23192988304
1470.6397091549
1645.5224334023
3940.19700233226
2274.47455712907
677.616672045521
2129.34548618459
1225.46514340104
2578.17150995404
1022.44313623635
1102.14819229101
2203.20415213987
538.848720000221
511.186291492215
1116.85411530035
302.077412598167
1767.92788055914
490.817993240426
811.828381639503
681.538351638448
469.470904409684
2207.59820442429
653.589806216182
7824.30446602871
855.028730297254
4970.35378775581
351.9486432434
810.895849456995
957.716490573249
6119.47512054942
793.53448900828
3810.5358269687
1732.83314352483
989.016065991456
6401.7004374716
771.671541150839
1741.05790823852
503.641327223673
705.069098892825
600.575077010276
1775.41398450812
498.777822731481
2880.65837913509
877.318987918224
19060.2316307558
889.044855835686
796.932545410218
151.694019360957
935.558769977607
1339.76649389674
614.99256030838
2330.89288262148
475.418677989095
677.279106887979
225.05155287131
2283.92154963082
1129.4746479667
435.869170818941
2063.715167361
1861.48007413326
2455.23434965472
4264.46413420668
1107.95645680511
13629.4454809351
2563.66791679193
599.18004487411
4283.6387589721
3055.07731387998
2125.60750280215
2167.04281487281
4993.3364569707
1709.09731204574
5281.91713435829
2737.20057980568
3326.37173081701
546.91194976383
2733.97215430039
2964.59738947115
2139.15303305067
1683.15539444389
2270.28914767339
546.581854802077
353.88590602573
3091.08347038693
7962.9560783083
2183.20622763461
52.5085659090887
601.70007684184
657.58250001722
2635.4256083384
2740.28428909276
2917.26624481772
911.769208050758
5868.62272256349
974.508406714681
1620.35027772922
1808.97635158552
466.501913339577
304.151288821372
451.18778111719
2373.57647909479
629.006418864316
1080.39220355559
1658.99510508782
3937.44194910362
1058.30812886045
1597.14801629892
1658.40245486842
1217.07522863888
642.456486838663
376.965121092792
854.657828896564
1733.10962681324
675.474684036754
325.083964046255
320.710279264122
637.500021452242
406.854107756937
2457.22816845748
2394.7797368799
1197.63823573602
739.98640226494
3646.11804685029
3091.29070979437
5966.61159402376
5520.97054321218
2858.47680975117
2959.00591645479
752.874861761425
699.325127148452
394.571514215326
1438.78174438308
1262.28267116629
1463.30322565545
1399.26628213304
2264.54228655199
2382.41793086739
3461.29812816174
2403.16675579451
3449.39962477839
1412.7609553463
1293.28088996788
1552.54556970663
761.646477572566
341.903775270732
1029.42441577821
231.329324699573
1100.91995219556
291.569388929172
1288.80580400068
597.908765766516
278.992330871521
2832.89901371126
1651.84012065072
2368.25822282398
653.351725675378
478.4029167734
1430.87745034558
205.964939879835
226.029370888874
613.829245018905
313.381788231103
470.509074503515
321.339704790282
196.172220812827
409.020232629336
919.60252410355
1837.98488324895
1858.6365150366
943.042824073546
3791.55651175138
274.08621798274
1525.18809420605
687.675678710095
224.981527152256
396.068273734334
117.585929619733
638.03672113369
877.783135629828
1151.35549513694
509.597981857236
1984.76548494331
1411.26866772787
828.575227790119
609.00519827429
482.094978329962
246.487517857466
326.370590175293
126.848313798499
333.895707708132
878.732855370333
3258.58390354547
436.107965512453
1095.63568295865
2180.05566025823
1941.3813592159
1286.30623376741
1870.42099054116
669.937579356893
160.663759746541
400.334288803451
229.218594338412
328.320560423556
266.229825050282
72.5041529436448
79.313040557775
506.850952082546
345.068101291918
528.152418929689
185.827902960808
372.776680983867
447.618862546528
259.916035836606
173.749350267652
394.920329119222
204.830238663466
256.336336952203
452.861002201562
90.916422633094
115.681130938622
377.368696879902
363.392890613549
918.61903956881
129.190498030436
180.87898043068
469.067910158506
114.057537362569
96.7594134905543
148.045227822276
273.993642168231
105.420328607703
70.3866078705356
261.936038565603
63.076117872616
188.341074594995
107.248113659798
171.201453613209
49.0798274266173
460.42871986426
168.223681413127
346.80073305857
535.652536916357
1294.10275411859
692.173704671025
1217.20804440335
1348.00544936698
442.81308271385
700.002111750411
1808.01796232577
1192.97249486533
927.696863387139
967.808914258038
533.997964728983
1195.91574915392
337.444025419895
1198.63634335978
589.914878298458
296.024044867138
736.091907034023
833.256281896807
1262.51772463245
426.158746768967
413.775947327114
1283.27742198051
873.838722543411
147.947347838208
219.280611820669
85.3144412223672
1550.17499801175
969.400080487702
984.640617776605
583.791828572122
1261.88831095583
2085.2086337979
1212.14628292742
2856.93853869443
1408.50531395975
859.930346195843
864.004729029739
486.975694747999
1271.40456681281
114.881087693908
18525.3551151128
11511.0489000647
28568.7755696251
17081.4434231302
385.76370462415
364.313521924142
3124.3500814023
1083.54420499185
899.80428986639
2396.15103034662
1719.31194623066
541.806090567475
567.546511103363
968.348387352782
986.320682073136
842.057330729015
571.13523968921
545.370348142551
11096.6267116366
3200.54451438224
4500.54423106558
1927.52715860753
3216.80764790394
3841.05824184669
3409.95852238169
1933.22442506801
5851.48314433221
4268.98778432623
5128.95058700048
2057.65365916339
904.823378730831
893.125663477065
940.490027258433
949.809949685803
2550.96123609334
2425.63450550463
2830.69170485118
1328.68261094068
391.884400111447
398.296492403877
836.598163679593
3384.66701437153
1102.43141862297
642.203187530291
3218.21273853288
1631.42981489146
1673.13420158854
1707.15164717283
529.534467411765
368.878254410196
423.342228178405
333.284760083749
1340.48969217216
307.601921876337
531.184600503416
348.186612254366
437.689587801119
1996.59484173305
17.3812669457345
14.7366784288617
481.852792232138
804.675751802481
1005.09530439791
675.361212317854
202.731128330835
787.390887166486
101.469555632389
1389.5797920988
820.881157934153
888.329798865496
1258.42060422634
1217.04660282522
1043.65972008686
217.242010761529
213.633052518582
217.242010761529
213.633052518582
351.415145100498
586.065739669169
21.4283908526326
18.7361283583749
326.839756575746
90.0408903897251
108.304067038635
628.476112526035
197.722866380519
573.694765766502
1039.10145644008
147.819099688328
625.010126040939
1298.24323393478
3764.58590001598
778.693681934879
357.839178510823
71.2870623617449
50.6877126676272
259.618767799468
1078.59016505727
148.47419842232
808.243449344146
52.2981642197862
143.252760250769
185.998126300179
289.493870210218
817.474180438348
314.672958690888
181.984731439536
50.5036628407999
94.7311418536384
246.673341421312
590.935111454893
571.945971557903
586.559063566743
343.243951063933
800.04023642008
577.962647811892
769.631536069645
483.286478513564
363.454121635113
197.580918614224
125.297839771003
210.505281371397
337.901423565639
871.603541873444
444.936765745709
612.409927134038
627.833287030999
825.392707187355
244.246716273572
621.127749565161
462.807689082404
242.40943730166
754.379055131159
110.640027384064
1076.65094775152
310.466600725738
752.690881952939
361.806323022616
129.156355229073
244.052349263172
135.791245252054
116.064742960058
68.4672818903198
116.448651282884
219.583579523663
7.94051847927702
194.24087306228
384.37341056009
268.769264109567
222.811375780959
630.658460809583
1626.37468300038
824.038950298496
426.437791578975
319.678310125391
921.379530093349
75.8952806366128
536.779167874014
1073.39947365464
3507.3460318046
1470.71563454806
403.223799736628
662.630607498334
123.401227768719
446.027338796908
375.193051474041
515.794154100567
2354.80306417645
970.606024904651
445.85790088779
741.230671663796
3749.90018819448
290.297518937034
254.221154338177
123.669188065565
403.215975910012
468.520796930663
1982.4864891917
320.99994205737
481.422967018287
112.368543557721
1177.57265185692
82.749088696758
540.457128917503
462.961543670965
393.549282558757
165.932890426511
2245.76876102564
615.703437048369
226.847098925255
1998.3971472674
1848.59943482922
557.796734305368
8640.42060450355
252.826274681903
163.419135228743
1273.68947408811
142.05234428539
54.6401570652035
114.655437559294
337.400164397338
79.6637100280492
2248.72346884917
153.647024540168
1137.27885401016
27.0166904310589
459.487540951529
45.2445845591062
372.567947610948
524.794900867677
269.876990634832
90.2280574971095
90.1391980035154
166.762930435903
66.4622544963271
844.064467723086
481.834795214156
368.538071688551
2883.49027452607
1659.15133816245
140.62025227468
2068.61900933431
1246.76968285952
2370.70849057323
1916.43780862386
5562.50287191442
2278.78886006258
1553.3834854464
501.486079808633
2535.96999661876
597.366053639547
1813.97968354235
733.439934316205
659.909624701887
183.637262136224
890.477871494152
966.530070135098
763.566186928613
496.517659722338
334.016010682375
280.013103615209
482.413366653714
1004.66833870165
1397.13253719301
1610.57956147353
791.203260595791
499.545910027298
1128.27727329778
681.481811104037
1251.54540934532
511.49153325373
116.482409638001
926.630761682611
698.990150570765
125.325504703621
978.613932185579
1029.58350101698
262.310900975443
1857.95038529851
247.141157530132
299.427752828362
1619.22766511318
1207.36181835051
280.885759422849
81.4781207441724
1170.03612931666
957.614431467107
516.636697712273
520.220855526971
620.14243189858
2939.8036602666
3583.27565941508
197.546460214622
2563.27309412771
1700.10428228677
105.555718934528
120.58439054981
214.277199964944
288.691284968649
688.332989710212
1475.06044094897
415.887475151972
1537.05226102057
564.674045891662
72.7873928962616
2259.99441620295
269.330355185887
113.666517376487
69.9159491260412
206.213381921958
73.5021946479182
838.848271823451
416.391131634452
693.135631217705
692.695689160193
1319.84796005364
608.820738586199
2123.42511553036
445.852037871426
1423.94157995536
350.610090726307
335.759814010512
496.281956925322
1854.86659822237
2034.03403959123
3365.7364192522
643.615356136912
849.555823066813
987.282309421837
1344.35913512406
882.220943577734
934.557660311958
1762.0044726834
1388.58395020168
