0.0442145409678512
0.162890733554373
0.0539939681754598
0.118522638800568
0.196595151941656
0.114090634098996
0.113457628843496
0.6542810887029
0.154009193407811
0.682416136348046
0.32700669928739
0.0569482281133703
0.23321931570508
0.427326283722684
0.0639563216633733
0.126695850610639
0.353623205307396
0.3847922901655
0.152678946888236
0.485859263762392
0.0885661049754799
0.109884668830241
0.302085647537515
0.114882415680181
0.060886057608423
0.251663122599574
0.0309547741690379
0.594881839292474
0.833436404285659
0.151887931501948
0.141508105627025
0.49231303042489
0.382673440933327
0.107264671124366
0.0539939681754598
0.257348866803525
0.375246805218723
0.226301496174392
0.138018878282279
0.316272494624595
0.421071737963271
0.264939692211546
0.674511860043215
0.162900786677074
0.0758178296626151
0.191083696072175
0.032474740928153
0.123327684620407
0.161455211738327
0.316733168988964
0.202028954099365
0.176572983257572
0.337454531112168
0.300272048983626
0.190288195045325
0.287705034788028
0.215358657841566
0.357843224210056
0.155452026593697
0.134402468599761
0.221593341880487
0.0602572531511673
0.0845002153001442
0.286154730227171
0.0391150294058257
0.22970286641207
0.104958067977049
0.0938212816431146
0.114188448786772
0.0931461788481531
0.17145829090329
0.0690761989032085
0.626970553401782
0.160469447903944
0.570941696971081
0.0394199300860438
0.103208215003433
0.141620068792011
0.715627658775156
0.0925481631856665
0.294558376567004
0.513305858899753
0.262744673066013
0.618967738784594
0.0636395726219443
0.19342663655645
0.148788229671028
0.11623624291861
0.0793650123227116
0.134541554335664
0.0849727887119012
0.326480841203499
0.111915787968167
0.827281336330663
0.238100274146745
0.0797514555014482
0.0257951298299443
0.29175801279067
0.299755652107373
0.171605718116587
0.29826171013832
0.227820189551768
0.145812363821387
0.0433346182007127
0.268849584573658
0.196788190259315
0.230239411066524
0.197866918478266
0.597269447882832
0.397090292937723
0.5938684406227
0.112947269161618
0.658167337023342
0.523337025394024
0.130880537410282
1.25046296341539
0.178608842495475
0.2849954123941
0.291408282387738
0.343582079763051
0.511411035445846
0.580261779052831
0.38386391933855
0.387732182048197
0.116796149221296
0.336165657981212
0.51734422647013
0.296254679209255
0.410119970194581
0.657407715581356
0.0463831117461833
0.0321983187759375
0.393594490396154
0.700956180200518
0.337473949849049
0.00883701961210358
0.156303840056161
0.0985892750634972
0.573526307847504
0.408742182001299
0.262147684745023
0.155955234403548
0.504575140148493
0.207414450692411
0.23205604268255
0.284888299193853
0.18110030645428
0.189112218686973
0.147970334402298
0.300453525909053
0.201637146447885
0.126051961783472
0.261974133013787
0.611152656527364
0.271240098776716
0.135921697891867
0.189394703483146
0.126641459807695
0.0492547506376478
0.0448568562182558
0.0771307038034196
0.355043258667821
0.107508266416427
0.0577433344438143
0.0586313319465514
1.0699207558117
0.0654945712080493
0.202323563776666
0.195461063874572
0.141393675438722
0.100052048712587
0.31258506948227
0.322543790212269
0.917579714312351
0.354199889612789
0.314895019505287
0.261045576373475
0.108519925485965
0.105586899097228
0.13287197722793
0.177289501771401
0.153030892587096
0.171614448041239
0.0695164920605486
0.109450775401851
0.1880553378675
0.272999649642274
0.385116559393858
0.281042727088961
0.158344241546841
0.120914475609685
0.698871855640665
0.466307878481061
0.0902344349415021
0.107251629246527
0.0462600439641693
0.194227033109432
0.0544609393639215
0.303531757828345
0.158434345762547
0.198333849479786
0.273120425649058
0.14873252355471
0.199692558569881
0.247071928321206
0.0553744808639964
0.249331785140136
0.0339415738303126
0.0897937318901943
0.0530166756168122
0.0257872701509652
0.0734490612965543
0.057302999175958
0.055739408143955
0.1116048998834
0.150146670867331
0.236635378438383
0.233668852612389
0.144279620682786
0.845789068805867
0.154849447707082
0.224265125925755
0.325698643702177
0.0315297944718344
0.0354407185750196
0.0124273185684525
0.0772344759127277
0.101141972900829
0.253921833149078
0.19606355488651
0.319329502457108
0.225393979281601
0.146633180356426
0.0820168788894926
0.120652055088414
0.0416831671816636
0.107095440781387
0.0283249276675871
0.0763472287330842
0.109797230188297
0.505312954173036
0.0889391603202853
0.18897858904145
0.355802258160603
0.424324402055721
0.244121538748104
0.370404126795274
0.0952187785020603
0.0258247163841514
0.0597264593890485
0.0325259341769748
0.0532036398255011
0.0374097121723417
0.0105336988825643
0.0124265130106131
0.0769020395016807
0.0510068810379525
0.0827919243588428
0.0311521191407079
0.0620729046202881
0.0776647828502103
0.0448056491321752
0.0278866774562417
0.0628419953624307
0.0264167078869238
0.0426698435937792
0.067791310002829
0.0158421834983021
0.0184920645362891
0.0604440101720482
0.0533522127392179
0.152021733725939
0.0205804276612214
0.03123746179059
0.0743935118605367
0.015201985497435
0.013448848629233
0.0265759419791668
0.0425494173803788
0.016593343392538
0.0108593189441773
0.0450150657637425
0.00969377796620924
0.031871638706963
0.0177817600236794
0.0270915982419427
0.0072855078094642
0.0688927401413271
0.022977255595526
0.0572058312031837
0.0840969868162513
0.208498370616336
0.0983915111109036
0.196741146427307
0.199404142090386
0.0824543644608635
0.113507491237161
0.266643254762093
0.206344525677977
0.159957961696927
0.152297768452272
0.0734207831873559
0.19281877508634
0.0550398609968908
0.179288687213268
0.0793106367001686
0.0358877661934374
0.102753347017498
0.102868056059989
0.176790566471911
0.0577166535807353
0.0624406485973968
0.204206253140552
0.115508118994818
0.0210678227465542
0.0347675090897612
0.0109530661294285
0.18633353673519
0.14273738440503
0.133851344308717
0.0833444621228145
0.147034899112553
0.273339937105379
0.184026022394289
0.372022519375666
0.232576242962147
0.151663902951652
0.148468282280755
0.0739167043676105
0.195682140444787
0.0118761919027666
0.615931931967079
0.448163024868101
0.575702624510928
0.643683826848641
0.0467486083879846
0.0330248112942812
1.09666520589831
0.116215740395484
0.200525384184527
0.339456962149241
0.215399332987717
0.0951517671992059
0.106873838797512
0.314378608771089
0.326677615343954
0.0717774342255836
0.0397552039469956
0.0516248469616068
0.566127541738019
0.104066553997271
0.480787975262355
0.33448841035148
0.711564810887218
0.721878696175576
0.315901038788103
0.24572411216398
0.827428759778193
0.463509590269023
1.10552989642037
0.445214954978863
0.150206500327508
0.152461348040946
0.157995672744311
0.151822485222076
0.342311607168474
0.267340101717899
0.303518815498603
0.234643234167744
0.106256860904215
0.119350535673131
0.117505488562604
0.465364162845451
0.274720396804103
0.178539948054425
0.420320610617294
0.38203855214443
0.248918139957229
0.1781065753885
0.102938613090824
0.0733035775451865
0.0773650217921699
0.0644635229875807
0.202028786176081
0.0491016720937163
0.124641238136582
0.102124171919995
0.0601741184667042
0.222965862593073
0.00800130987468212
0.00684609478723034
0.0312044611461314
0.123679034720757
0.16458765127685
0.108210848785004
0.115182300009419
0.138902300491455
0.0716576982988465
0.124254449208214
0.079499938541557
0.133319217882778
0.170784030752208
0.182239944299115
0.0873885643197272
0.0188299696703278
0.0223889797695847
0.0188299696703278
0.0223889797695847
0.0352796187099029
0.0606504979502927
0.0295470522119414
0.0149471935510332
0.0301317864067924
0.0215118244641288
0.0698246624603892
0.0550321315483647
0.0257546498140192
0.0976006721621193
0.0768292051102659
0.0314947485386977
0.0518603939816085
0.197171536093612
0.329743064535161
0.260405835064872
0.25540946925755
0.00885572470557771
0.00840905297565346
0.0435864072755899
0.190088735606546
0.0250241208269805
0.132192711019309
0.0182225374046065
0.0545687434497229
0.0215110962123264
0.0737405191720525
0.0628991811267671
0.0308779017534312
0.0180108448749614
0.00807761996656009
0.00928456270871299
0.0237568872742723
0.046185780433564
0.0416592774620265
0.0487951301714927
0.0649057995364416
0.110958020665962
0.0587967509690293
0.061555213403921
0.0590444486044718
0.0483957144546853
0.0284081362165892
0.0192090893787466
0.020870114717939
0.0273970915151191
0.086684855917796
0.0562005162920622
0.0708478078349184
0.0838435115099051
0.0848881913862402
0.0252500976804506
0.0690083096649582
0.0511598291318464
0.0252950056457795
0.08556144066855
0.0157112050745967
0.122783676723502
0.0672002427961662
0.118737909121647
0.0472348045652929
0.0135175805504151
0.0406886637256196
0.012274285157326
0.0129017823735832
0.00831977546511225
0.0205048130252598
0.0479177629859103
0.00224712389916813
0.0250286289059836
0.0599931473546565
0.0567829795046733
0.0488042437732121
0.0804033496249639
0.203661394160429
0.0803650011706845
0.0676641530468099
0.0359998664523969
0.0796314217087755
0.00940920966251383
0.0412459081390653
0.107929366474979
0.163108264132718
0.0896236882823204
0.0318957240566095
0.0696740821654693
0.012901386725431
0.0434536275215266
0.0383452687824571
0.050875358266822
0.250133651708547
0.131895653760223
0.0474938097366364
0.385195219017024
0.530826037326908
0.0430232413637218
0.0347306100607171
0.016433515976897
0.0519242021500544
0.0617526685302888
0.186293706451157
0.0693627782702468
0.0509856440321774
0.0147891235702915
0.107320261631155
0.00894556663740041
0.0918003584606854
0.0607516393621523
0.0707370911223987
0.0164623744435958
0.325017355868488
0.106441329885562
0.0521196196583914
0.208627647107413
0.255788037844127
0.10958274747243
0.494496696496802
0.0416742576900103
0.0176210146875188
0.111505084935446
0.173250220081618
0.0109081769538432
0.0134176343054929
0.0511777721716724
0.0282827964193807
0.193097486989423
0.0133258166526728
0.270681755497532
0.00297267030652381
0.0462308581429949
0.0105933157116313
0.0618391166836633
0.056012706957453
0.0905652276824652
0.0131165775790133
0.014996139596776
0.113791401814476
0.00775825728507842
0.22684526912796
0.0879101032919893
0.0581529843628849
0.335457135244202
0.293680788786653
0.0158775966454059
0.219757532813921
0.169749430267934
0.317967756347098
0.245720627401065
0.577708900465725
0.309817299196667
0.210690340699198
0.055738445560007
0.229516598936752
0.0840103426546095
0.255648364233825
0.14598735650882
0.272100118778452
0.0262004182432359
0.14906078906075
0.177886071684409
0.171736056112549
0.199913681903092
0.0909765636128658
0.0710690334763823
0.0628219878829657
0.0810717063771559
0.218409943445963
0.214281706918217
0.178802164022331
0.116326343476569
0.193966029309289
0.121949319834386
0.137025525353963
0.112841023180117
0.0239870086216326
0.172707118942282
0.273859489266549
0.0349834085411804
0.292789577807207
0.149071738734396
0.0171167090767828
0.198474137359422
0.0247291513874191
0.0403645966759304
0.182799681937253
0.125512320512863
0.0286032184485738
0.0122524075126331
0.133694340110627
0.11843469319846
0.0439975570821137
0.111149051757353
0.151447255079187
0.564811605082941
0.487093535240538
0.0461095672314483
0.275167523274049
0.188975250588179
0.0170067424760344
0.0356246571386299
0.0430474303057926
0.0388630267614677
0.104489112081153
0.271338266851179
0.0563612411752661
0.135220851089259
0.0881839729388317
0.00966747943230301
0.199518580035465
0.0521236907773925
0.0184723348583931
0.00903409803491575
0.0199410881244896
0.0103231452849962
0.101013359844661
0.0705421287185147
0.105655253150054
0.313176762142451
0.127519321693288
0.101525219911653
0.258667624510864
0.0994742733915312
0.2866006542723
0.0759240993523084
0.0356707146067179
0.0414277223585521
0.183226472749393
0.359028147014329
0.734742011757593
0.0753643774966413
0.101332703069801
0.13859841442565
0.240014176718738
0.126815104811692
0.135666034504966
0.280708643001784
0.221524189504712
