1.0929884808298
1.46470579289747
0.313437825440956
1.08114345999787
1.55436872937924
1.98441030699011
1.31690925442738
16.0349759496072
1.17937074573233
10.4106698792043
8.47038704352808
1.4226502966097
5.18469507983777
3.31235916608387
1.45686057889383
2.48209614585582
8.36015556992666
4.42957031105565
3.14689381487873
9.73053904549933
1.53461410422875
1.53397361909992
1.45112467407651
2.31529224314488
1.41299604721062
4.08970540339965
0.851994923113315
13.2213577943005
9.77559086777599
3.57829910437861
3.06836908650882
11.2700404758952
2.84302687409799
1.26880405932446
0.313437825440956
7.51354762329133
9.82248540942124
4.97005755998569
3.24160792707135
11.0870399207841
7.05585069202363
6.24962026304224
21.8380448752273
2.65613027846306
1.74065339178885
5.1386866229932
0.257446891100676
3.10957127332092
3.00645301206525
3.32828686174428
1.04828116174058
4.02220089713467
6.01232988515901
3.2675424420732
1.21284893324731
4.25261621872848
4.42488655619831
11.0311465732684
3.53499791837707
1.16761281553426
2.48062594625562
0.767421094764129
1.12469953654295
13.4583563496385
0.846798015822125
4.21682887000182
1.38343838899312
0.861236738544404
2.91905555861403
1.88064893934752
3.61765095306266
1.8334675499932
15.7992103623866
0.715351918919965
9.80139839306289
0.941573608838843
2.34357352910316
3.23773761719538
6.99296568891164
1.40681142658142
6.79003317402737
5.35040694173478
4.62918957659917
15.4213055742151
1.1061992860435
3.25724469212712
0.656024069686605
2.36029344366762
1.83053606320251
3.10525890638433
2.00045409191181
10.1313593543418
2.68197313218217
33.0672467339216
3.93762275472268
2.26104943984844
0.353914719968145
2.03073910789006
1.46668114556711
2.2962737601222
4.46619143877913
2.03869189833159
0.629217642674982
0.34343325930881
4.41294620721593
2.03810994294141
0.401629827801267
3.72245213299122
1.38695858465726
5.65735822728843
3.75873004397426
1.66500659276479
5.90718061725562
5.64629939534163
3.15737402995119
4.12491985682676
2.21761694235689
0.890354679131043
3.30934012248936
8.04557824281877
12.6397022271274
8.33202865452062
2.3957012255257
3.68742451601386
0.388391053019291
6.52076940320946
1.85287779970854
2.16205464199781
1.14633370978212
7.22124355098647
1.42276650285771
0.702909412415355
5.19282658478496
15.1939723371839
3.65136496587585
0.0808445227373413
0.409837934616644
1.46753524124824
2.90910874207322
6.28912526299041
5.20226737481313
1.54962016866218
12.0407437078738
1.61569405309522
6.44096813787645
2.71173916289768
1.53321446978194
1.3437061309098
1.33564038782567
1.85532608525309
0.433652225133549
1.72683549444928
3.24515156732746
6.05585156746408
0.988065298872607
6.55475030494114
8.67121296732604
5.45767771610322
2.13058710829376
0.533661293774067
1.9389663957278
1.63504948615654
0.709372682101271
1.47999392084877
1.54028745178981
1.41080427935709
1.98243744541252
8.66542693755098
8.89224996010238
5.21177179270358
3.88864005724143
15.6705034347657
16.269790295011
33.2758250162495
18.1858286884591
14.6633151940192
3.7306878729064
0.509560830495561
1.75664678531349
1.3452989783447
6.05927529088176
3.67933084170832
4.97715545787202
3.06406211004401
3.77183149211993
8.33034136077248
8.60578381619236
14.4979038296435
8.08808777653041
5.56018911724465
2.92062432967877
1.08189609738321
0.557305144044789
1.17358716810312
2.50290429225496
0.491158368026438
4.69020568639542
0.778608055444359
1.97469051301253
0.898477863142075
0.383346112322083
4.77571752222175
2.85072340171755
3.01994703653997
0.811230215793597
2.04785550063219
4.92590939748163
0.981385471360497
0.827132423866612
1.69790486083037
0.799735670520733
1.16036311291788
1.44060779584351
0.659796261818698
0.6260532592376
3.71882870414095
1.4258244926917
1.46031972549847
2.19450777452998
3.48182436609284
1.13216858141386
2.51387838214692
1.14956052999539
0.746104593369433
0.689629297755559
0.444052154507063
2.16419557075095
1.98445380695463
2.07067608843149
0.830312270978034
1.89515371652879
1.90030557541053
1.22445014653493
0.747735973644725
0.779794261696087
0.67931742704262
0.538037719872723
0.25543850198291
0.726996597157362
0.826337459183427
10.2689786493165
0.883334623827467
1.1555467842225
1.74600979324415
5.2611124237055
2.16200812646517
1.41574159853699
2.29374899877331
1.14635975382961
2.92309979913285
1.11883178658716
2.66188523469231
2.02096031058568
0.361739969063022
0.536048813086761
2.91402007077568
2.4973578769107
3.0050510431115
1.82053618097356
2.92670348560071
3.42036415119487
1.83243115073607
1.21150288461091
2.71374790427375
0.914276350641972
1.96076311119444
3.33673122061511
0.603139342809566
0.793740501315937
2.28161952254856
2.35537559818194
5.56694566861884
1.16326665708296
1.79762007279049
3.6243477780197
0.674935258876086
0.493256267953399
1.19996743988284
1.97142231033925
0.788084684454142
0.50227899849538
1.34490501456645
0.438914723633663
1.15142541517712
1.04247999108649
0.932543566723132
0.358420552944494
3.88861704548368
1.35515598877945
3.36270155959267
2.22456583262647
5.47742029150314
2.4039999057469
6.2872029675746
5.96929095987538
0.986603624901497
4.33754353987366
9.38969711213797
5.02180583705409
1.72606952652869
5.39566948951484
1.77689442612183
6.40545456409718
0.901319153788544
4.80977634949535
2.44564381333459
0.996814988587464
3.18810303294833
3.34548408559837
3.84320041501403
1.55495443683105
1.58408054519455
4.04333548914314
4.16328248150336
0.589281507728074
1.08021157405075
0.368619939652723
5.43688459371963
2.6280979364537
3.77793265188394
1.76012936759118
6.07838172964701
5.75185864943376
5.29994112722581
9.34990579647062
4.42191478963204
3.46586508659095
3.80087641444947
1.7399072886827
5.48432309140282
0.28608465707713
26.5393925808065
20.8430742324233
24.4048532066879
37.2963702953346
1.58776966180296
1.874009182915
1.30357680065507
0.714090321240523
1.44952065266821
2.21717349973119
2.9432116225683
1.22347098005397
1.3120102737909
1.05706295370701
1.64602623313937
2.70537013499165
1.49697663059805
2.4070872694329
13.5023458636376
1.96790113629179
3.29867005324349
2.65459539485427
3.35976275938222
6.1186588688803
4.07128233150603
3.29992738249349
3.8570450673669
4.36561919212722
7.62505904962053
3.00044374583278
2.33331142967855
2.42084397930529
2.4763466020537
2.29027315769496
9.7863110336647
3.59968578481072
4.10938425432938
3.88718651777254
0.778390705913466
0.763369737325227
1.35342125756301
2.23278474722245
2.05550831646599
1.82176068927288
3.71341594041104
1.22936002641949
1.11701848485209
1.44543258334724
1.35205796307741
1.162338170494
0.758721892985128
1.03721844789235
4.98925731302842
1.0792873683906
2.32118543263724
1.25938215120172
0.614753581383256
3.27947798227815
0.75331039250792
0.635084137870778
2.15296599297336
0.87369420702754
1.01675977653631
0.773809523809524
1.18817204301075
0.955598455598456
0.591747900859956
0.8492365508017
0.888742957899362
0.783687943262411
1.06101031956575
0.593253968253968
0.693820224719101
1.13895345044349
1.29282943292894
1.13895345044349
1.29282943292894
2.34282009272578
1.03662906522366
0.592926308737017
0.71100453457654
0.957842187568246
0.564373897707231
1.01567669424942
3.74777410559553
1.28656085923607
5.93950685414933
2.3121628884556
0.833899722731557
2.67908954126499
1.53789815226711
3.17943431381706
2.09638434819075
1.60844836012494
0.791512915129151
0.36822359243082
1.72172739300462
3.57121561557249
0.886537246014519
4.10119477379794
0.421315801757237
2.22061527771592
0.588084062624836
2.88338099905835
5.084805812762
0.91380945004771
1.31408630787082
1.15706320903963
0.379017151471839
0.86052311062326
1.89286107147674
1.28618177070352
3.41990880926224
3.22333618562944
3.0573969868642
2.83645593973066
1.20487554426894
1.38253918568152
1.8329483412215
1.34982690033396
0.544569511725286
0.972402616186063
1.45992020283355
3.1228747848811
2.96762564945916
1.98826330621447
2.52762207240488
4.19566138985929
1.33524049911871
3.52528527108692
2.08792522790605
0.914542888549679
4.71180288809684
0.804672869040874
3.17987584398362
2.80397045790435
2.19672719299177
1.38981500909241
0.66745633884572
1.36584005524551
0.831823292629882
0.584112072239819
0.366058199479154
2.61381318657557
7.82096616660247
0.206385026110503
5.39306627613802
3.54377920640025
1.86486514798582
1.58384190325582
2.32122245329833
2.63034694449814
2.31231435350559
1.0943613427647
1.03464419478345
2.17159965447836
0.285037967563641
1.28957713021352
3.95598215311382
5.40555436143389
2.17161684621545
1.02370998373106
2.04613808057369
0.405782734064748
1.45630463335198
1.13519596454363
1.86760802350074
3.72402839151423
2.30028020741908
1.40783238746336
0.625764113979936
14.1563987203072
0.292020351140724
1.75630843353348
0.791351625396726
1.05194401702144
2.23115006997396
3.6741308890948
1.43324111980759
2.73378897335784
0.401317238003338
3.68757827837951
0.57792142536066
2.20482075341047
2.17304239534336
1.8160350529266
0.793427240241913
4.03848936978499
2.36528557711442
2.4827434332039
4.09759094670512
3.7640509318285
1.62712000410823
10.4024379273437
1.6506044545332
0.693545484899566
4.14073637172962
0.200874514101381
1.66183084209199
0.366846759665003
2.11889482818236
0.424214427276099
5.60921556500868
0.371533309625788
3.44971217014116
0.301332525326837
1.9311148296726
2.53250574017643
8.71309641697526
1.12615601301405
0.556030522076314
0.373364711214681
0.442776452407486
0.306282075601755
0.177635616623077
1.43733247364088
0.857117643345385
0.579472625305998
1.38965298443553
1.61292943647979
0.892167685645419
5.28911964324174
4.04396701117364
6.58860219229915
3.46387590844254
10.2096688136577
2.55483830763496
1.52772984439455
1.81715234989953
8.56233069092486
3.3904096513705
7.53256038579842
4.59266340089371
1.67309323753845
0.687645687645688
3.49327357697228
3.93859662825564
2.38104840911627
1.52520482721539
1.69120234400393
1.08431979265238
1.83577307241537
2.88715732995684
3.04219224087508
6.79942231409847
3.29133857767585
1.76703880517399
2.57511019546097
4.278218509835
3.85833506146056
1.60803372760116
0.453525967401473
3.47881988204461
2.44101214418043
0.403171347275921
1.86069782264141
3.81794515563669
0.0943438170381444
2.83250881801101
0.460504298070349
1.3652601403537
2.79095179231249
1.36800192551416
0.817111824447495
0.394633755038177
1.74529764714042
1.55842835237228
1.53843556084807
1.4154026172883
1.658217899529
7.53324102865881
5.59876778666309
0.964696504995038
5.90552714876515
4.33497900255909
0.378411702968445
0.588196703575368
1.03993190584925
1.06965307170186
3.40345431492756
5.4643059732285
1.60296751420555
1.80275339700526
0.635353817019813
0.37628519579923
6.03629855369788
2.17873444491886
0.566723322697321
0.350600627173073
0.685192254349258
0.27917962917423
2.43305602741086
1.55999549122326
2.68563325599691
1.80483668200106
5.25223977270111
1.82807019456157
4.01537050151158
1.40130651731985
4.10032201750833
0.417798441267215
0.439243042017947
0.553009761174311
0.413274455310713
0.695475715068242
1.21190053872665
0.697112506123106
0.662322158679632
1.03647511538555
1.50726716086551
0.664271354060588
1.09618901951462
1.16688654353562
1.02712959630076
