0.0442142445815015
0.162889027121089
0.053993148973666
0.118521590010872
0.196593182882914
0.114089294729961
0.113456573673125
0.654278790026297
0.154008059294077
0.682412184116058
0.327004488249637
0.0569478830527225
0.233217802831944
0.427320274324185
0.0639558294924912
0.126694864370848
0.353620791615052
0.384789645131695
0.1526777418856
0.485857330175672
0.0885657149138483
0.109883521322772
0.302081516382769
0.114881710496272
0.0608855641252646
0.251661755544626
0.0309544989279089
0.594880118660024
0.833431201556565
0.151886870284925
0.141507410569141
0.49230955108742
0.382667726911526
0.107264062092504
0.053993148973666
0.257347036973244
0.375241247181918
0.226300510535509
0.138017400475032
0.316269558711083
0.421068525855042
0.264937300588762
0.674509815467351
0.162899159212144
0.0758172544139628
0.191082284032346
0.0324744282569596
0.123326757863417
0.16145411508015
0.316730515774395
0.202027361592249
0.176571909798716
0.337452778093312
0.300269934744675
0.190285080744616
0.287703057892511
0.21535651708007
0.357840352257299
0.155450729438479
0.134401473970262
0.221592203857141
0.0602568483124813
0.0844994156856459
0.286150206660068
0.0391147150697438
0.229701188757717
0.104956915651921
0.0938207038688622
0.114187300237025
0.0931451044797393
0.171457444902328
0.06907580227671
0.626967463807758
0.160467728398905
0.570937362908991
0.0394196511823789
0.103207386517428
0.141619005297605
0.71562261858028
0.0925474687452417
0.294556986084117
0.513297409786784
0.262740617205511
0.618964019712867
0.0636391880067912
0.193425428759139
0.148785403820814
0.116235074482584
0.079364449984079
0.134540864381299
0.0849719152225202
0.326478178991627
0.111914858592433
0.827278996384126
0.238096771843229
0.0797510086583919
0.0257948371908411
0.291752237994645
0.299751630422869
0.171603004485181
0.298259601878436
0.227813910113616
0.145810725431383
0.0433341378014593
0.268847858209759
0.196786292096786
0.23023257784677
0.197865630196217
0.597257531837908
0.397085361265586
0.59386231188233
0.11294661419912
0.658165559027266
0.523331480477504
0.130878909170149
1.25044432406645
0.178607870072783
0.284993053637512
0.291405056057314
0.343580528504995
0.511400335334893
0.580258263237414
0.383860751493753
0.387729324695861
0.116794557122881
0.33616279542155
0.517338407421541
0.29625220784751
0.410113781807819
0.65739693666631
0.0463827849312776
0.0321981382157396
0.393590897428536
0.700952576706205
0.337470545745905
0.00883693977680855
0.156301722455825
0.0985882859046694
0.573517613138579
0.408738583853787
0.26214628675412
0.155953870309192
0.504572688808895
0.207411689011809
0.232053822878669
0.284885374903744
0.181095936386444
0.189105835938222
0.147967400472121
0.300450914509778
0.201633518903322
0.126051144660975
0.261971821969138
0.611145506420371
0.271235384556301
0.135921028048351
0.189393478629736
0.126640691283449
0.049254532535555
0.0448565462909821
0.0771303419235767
0.355039300861906
0.107507239778233
0.0577428092726023
0.0586307816345354
1.06981977552167
0.0654939162969694
0.202322627893272
0.195460142179027
0.141392797805732
0.100051345849063
0.312583399316175
0.322541740550343
0.917571235474184
0.354198501512578
0.314893033192884
0.261044160297824
0.108519042739145
0.105585845051109
0.132869218192854
0.1772881660439
0.153029773289114
0.171613171129154
0.0695162297137749
0.109450404809519
0.188054444990401
0.2729983557633
0.385112921440873
0.281041402073615
0.158343148914999
0.120913774622978
0.698855269203949
0.466290279380108
0.0902329634188485
0.107251030149133
0.0462594479437928
0.194225185257496
0.0544603534253217
0.303527764837556
0.158431714008603
0.198325215750386
0.273118744591618
0.148731675720748
0.199691487970472
0.247067144878469
0.0553740519810475
0.249329381938499
0.0339412693394296
0.0897917102906999
0.0530163612446122
0.0257871281935383
0.0734484170369506
0.0573024563894365
0.0557385610507352
0.111602895312944
0.150145340216503
0.236633676155325
0.233667211711882
0.144278454672223
0.845777626911641
0.154844447427505
0.22426315218993
0.32568960242928
0.0315295553864783
0.0354405157796385
0.0124272401741123
0.0772339477594968
0.101141305264933
0.253918820169045
0.196059747789311
0.319326528119601
0.225392070269604
0.146631791428897
0.0820162737916491
0.120650282795724
0.0416827557169244
0.107093488221604
0.0283245749449567
0.0763462571516216
0.109796414667977
0.505308660528712
0.0889381151430077
0.18897682059167
0.355799125227226
0.424318844480712
0.244118949614706
0.370400094839917
0.0952179350196382
0.0258244881939527
0.0597259282520385
0.0325256520807282
0.0532031663861516
0.0374093873542796
0.0105335994435623
0.0124264031365869
0.0769013942178283
0.0510064240068599
0.0827912050705877
0.0311518296601223
0.0620723349103955
0.0776640756674119
0.0448052384811219
0.0278864298091842
0.0628414365844151
0.0264164846731674
0.0426694670050852
0.0677907163024607
0.01584203585994
0.0184919062182409
0.0604434947811183
0.0533517402430213
0.152020368686781
0.0205802443467587
0.0312371742065599
0.0743928808236084
0.0152018527587049
0.0134487355556012
0.0265756917955536
0.0425490372756394
0.016593196111499
0.0108592177804529
0.0450146475865849
0.00969368925833497
0.0318713569394122
0.0177815965153206
0.0270913616306753
0.00728543927354568
0.0688921431800459
0.0229770424451389
0.0572053103767261
0.0840961946447675
0.208496523125762
0.0983907090731275
0.196739440109921
0.199402391621833
0.0824535480616196
0.113506494983429
0.266641154751523
0.206342623954113
0.159956421156938
0.15229640191137
0.0734201879572357
0.192817104527441
0.0550393136717771
0.179287249202226
0.0793099963206573
0.0358874838686618
0.102752497718776
0.102867257123059
0.176789234033965
0.0577161923246973
0.0624401448473445
0.204204496716032
0.115507183601972
0.0210676336968205
0.0347671985106842
0.0109529705502424
0.186332271489528
0.142736186007218
0.133850266291014
0.0833438247383389
0.14703378896396
0.273337823944651
0.18402452770493
0.372019819414682
0.232574209183055
0.151662546616896
0.148466965692425
0.073916077184929
0.195680546200065
0.0118760988513259
0.615930810134332
0.44816207460601
0.575701996846213
0.643682415024147
0.0467482193072047
0.0330246438516994
1.09664178572994
0.116214923777194
0.200522901568703
0.339453788703295
0.215397872266969
0.09515065309073
0.106872585645633
0.314372749697461
0.32667135283592
0.0717770298744134
0.0397550123727328
0.0516245210426033
0.566125910347614
0.104066281103008
0.480784576336527
0.334484360019319
0.711556456676873
0.721870384186271
0.315899203890974
0.245722218595376
0.827421666008562
0.463506676431084
1.1055153467361
0.445206972434362
0.150204935556462
0.152459690160744
0.157994010307631
0.151820985107663
0.342309032934867
0.267338401271462
0.303516942444396
0.234640652131063
0.106255213436818
0.119348400831843
0.117504522851044
0.465360597965094
0.274716810596986
0.17853704192378
0.42031772662021
0.382033541618519
0.248915893160923
0.178105390608555
0.1029375496829
0.0733027563262925
0.0773642783249591
0.0644628343719162
0.202027157148591
0.0491012131015963
0.124639395832898
0.102122625287559
0.060173650248786
0.222964555862004
0.00800110259343899
0.00684591583427479
0.0312043288603802
0.123678032530975
0.164586187647685
0.10820984225074
0.11517894304561
0.138901006854732
0.0716548128771639
0.124253785913051
0.0794994874319329
0.13331816675028
0.170782701451018
0.182238485344818
0.087388161235106
0.0188298832110539
0.0223888560765248
0.0188298832110539
0.0223888560765248
0.035279381905171
0.0606500450474154
0.0295449189681673
0.0149464936313287
0.0301316175533833
0.0215115352055027
0.0698217838314907
0.0550318183243752
0.0257544283364432
0.0975997191027153
0.0768288129059976
0.0314943523600141
0.0518601642471306
0.197169898200175
0.329741208323394
0.260400580297843
0.255398335069786
0.00885565341074378
0.00840897160462837
0.0435860001091823
0.190086773130685
0.0250238655895609
0.132191312293395
0.0182221822007069
0.0545675606649022
0.0215109394577277
0.0737394390237121
0.0628989039517352
0.0308777374384249
0.0180107429630317
0.00807754817672649
0.00928451219758293
0.0237567533645131
0.0461855667409225
0.0416590829839461
0.0487949048370844
0.0649051100185265
0.110957201888547
0.0587964177072875
0.061554862873726
0.0590440394002742
0.0483953655566692
0.0284078988229703
0.0192089241140579
0.0208699976947965
0.0273969402448564
0.0866843878931956
0.0562001206193765
0.0708473307025298
0.0838428564343118
0.084887716822051
0.0252499418435995
0.0690078721387564
0.0511595056338736
0.0252948370494098
0.0855608885990621
0.0157110838101899
0.122782849037852
0.0671994075092927
0.118736820288024
0.0472344580891733
0.0135174774142212
0.0406882865195709
0.0122742150607747
0.0129017050286778
0.00831972191413857
0.0205045945837114
0.0479171624045097
0.00224708700615099
0.0250284438734766
0.0599926198580419
0.0567823786506101
0.0488037062196118
0.0804027728112781
0.203659611800996
0.0803645599136503
0.0676635521156415
0.0359995905267299
0.0796309864485207
0.00940914475248115
0.0412456812326643
0.107928723401096
0.163107741607908
0.0896233235238706
0.0318955560803571
0.0696736192265696
0.0129012933256507
0.0434533482724466
0.0383450587593343
0.05087507179054
0.250132082099655
0.131894738184474
0.0474934486290284
0.385182134585088
0.530821551386297
0.0430228358244708
0.0347303401401811
0.0164333778339479
0.0519238141599485
0.0617522063253776
0.186292649434458
0.0693619503374231
0.0509853071286443
0.0147890061088594
0.107319604716307
0.00894551046000624
0.091799469917775
0.0607511934964405
0.0707363953815214
0.0164622707127143
0.325014938788182
0.106440222923487
0.0521188944445603
0.208626460472847
0.255786100520601
0.10958143639735
0.494494988942368
0.0416738971550646
0.0176208935025203
0.111504455411125
0.173237916674526
0.0109080532782832
0.0134175361695631
0.0511772723841469
0.0282821973902053
0.193096388164024
0.0133257492731707
0.270678112922847
0.00297264630581709
0.0462305729051237
0.0105931757826379
0.0618384885674714
0.056012375224145
0.0905636344181146
0.013116473036581
0.0149960023827763
0.113787397084257
0.00775820931882081
0.226841398303055
0.0879091760349314
0.058152400738109
0.335454376692352
0.29367791908821
0.0158774840174811
0.219756144951803
0.169748057984452
0.317965394998976
0.245718730132074
0.577705616962312
0.309814863144693
0.210688699126696
0.055738121185616
0.229515383594544
0.0840095815654403
0.255646170090587
0.14598564668304
0.272093873181338
0.0262001854411162
0.149059475774879
0.177884328901767
0.171734073451056
0.199909401951438
0.0909752956061759
0.0710679441211041
0.0628214990624859
0.0810712448037201
0.218408170413056
0.214280058525252
0.178799932703282
0.116324810403208
0.193964249760065
0.121948084162769
0.137024753951231
0.112839740548612
0.0239867123794467
0.172705286928722
0.27385353602024
0.0349827996075412
0.29278441543843
0.149070653113687
0.0171166082152237
0.198473048318813
0.0247289768996644
0.0403642836368975
0.182798559670339
0.125511538479223
0.0286029978658264
0.0122522948651312
0.133693301581576
0.118433691444799
0.0439973014321038
0.111147793398458
0.151445160223923
0.564806046880881
0.487090189632261
0.0461089509497704
0.275165683501835
0.188973935512632
0.0170065701855063
0.0356240843738483
0.0430467765244272
0.0388626387756052
0.104488256631499
0.271335331978575
0.0563607220089768
0.135220069109203
0.0881830383629847
0.00966740425098286
0.199517533764122
0.0521231529511254
0.0184721562820139
0.00903402757976265
0.0199409813164278
0.0103230595750616
0.10101269776282
0.0705414814835401
0.105654301677207
0.313168736504084
0.127518589616825
0.101524323563475
0.25866591959721
0.0994730424330791
0.286597728625654
0.0759231473096198
0.0356704834528651
0.0414274396348129
0.183224758732694
0.359023932263302
0.734732796402743
0.075363814986737
0.101331883808468
0.138597329170788
0.240011983196753
0.126814069137978
0.135664905561582
0.280706033558675
0.221522228987159
