335.995588891888
778.037070129208
178.123099607802
672.125266211475
982.590605272325
486.281272197393
610.520143359653
9790.86997265195
1053.56001061894
5918.83420387723
2443.04857814139
484.239519267247
1804.45335799785
1521.42771622846
417.6516700953
815.198655792882
2598.4842615779
2801.06945245204
971.155638147074
6157.4476828418
1007.61699658511
529.243318203907
1111.59722033458
946.899316631226
377.213424763348
2318.40680427876
186.339154253403
10395.9739742089
6877.52671880041
1096.59728591455
1470.53476698065
3534.44073995501
1287.42316800404
944.981839309914
178.123099607802
1877.27721263539
1501.29889300797
2665.63302548033
648.017372978037
1980.06857342182
2797.91617826014
1504.49993032337
11773.8979019985
819.273168506245
503.44918050709
1304.96946790912
169.804443999343
866.4126679517
1247.02351831292
1891.21708212498
1284.48148584421
1481.95516854375
3258.95566503559
2137.46288848218
582.773912425333
2100.36060794351
1103.29440640471
2269.59900896842
937.334609578529
910.706560387071
2170.05730230583
456.441996152457
451.861016108477
913.573934177076
254.012698039985
1574.03841830719
478.192928439103
773.3760164373
571.016666666666
404.258509390022
1755.13397077103
602.767971016457
6702.38963288661
749.961745298727
3768.27578434586
289.761310958848
652.881727481902
948.099234741128
5091.87955354163
617.287210731212
3125.74476374152
1559.43783863331
851.218940260115
5245.80620446701
527.366043938265
1563.79816554455
395.012277714295
586.387671924102
564.3007603081
1312.34929633754
422.702104864325
2122.49640467456
685.083216884613
15765.1914255518
810.235547417544
713.56633199057
113.710621589027
737.416043820095
1124.04186563732
548.862419602132
2115.25697604331
415.093352745683
649.962464340405
196.253615134868
2100.83396055523
1021.35960348311
389.290523707127
1528.65646608474
1555.10597522257
1713.7878796065
2991.25519561078
976.795329259998
12255.6730664711
2515.38294755242
544.297280274032
4218.95216448603
1644.56766586
1782.28117671486
1362.23131155904
3864.63161987459
1425.7778569157
4849.65727836372
2395.33265610639
2638.78054974785
432.91859343621
2051.18325542649
2559.49555327723
1828.59929144353
1409.46138593519
2058.75431717532
351.793245496598
289.447282041683
2245.27835321131
6966.43631659881
1728.5
48.9096924942032
577.095948333193
499.865080634402
2187.20221884797
2416.91083856721
2466.50701123467
891.746806289366
5296.07480935557
793.989342938372
1253.38762667638
1445.79502399693
375.82705040504
283.647406194187
373.538547263207
1754.73030491067
569.333333333333
972.945788802306
1486.35396861523
2862.4832832709
788.695678566757
1386.62465325877
1470.37758286948
1050.60296034987
568.653699203605
324.799604923242
828.609831651215
1604.68428141363
563.95128227051
317.45869602206
312.347190911197
584.425672723673
327.79603159896
2202.85984536218
2087.78913750754
1154.86348211571
722.898186641181
2954.07425631726
2559.71653664921
5015.64553068457
4564.21509895173
2522.9527613239
2420.80190864148
670.638670802213
529.782712365732
320.85380633521
1185.60882889006
1048.69643193312
1158.43293281971
925.370947197317
1616.96430892712
1991.14888278317
2884.34167999445
2064.86395293697
2990.88153567122
1162.67831510137
1052.15491476678
1488.4212607152
637.316746943869
277.537505970333
960.48952215284
179.579778309667
1023.60570047684
253.164409227733
1173.29527981495
477.690730570537
229.049302112445
2238.13356311689
1323.05240544158
1867.33391759388
646.1448668796
358.221123448085
1296.74564888704
189.198851559912
200.083333333333
447.198177315763
234.432515117271
418.978110996823
302.59966751693
183.48934041178
318.747191275083
849.008593155378
1646.15002242488
1665.15104228971
893.027507497793
3315.78486663479
240.414046248438
1284.66098493259
590.529244258633
207.91696703426
309.821134236418
98.5195712526617
564.819948902688
766.577968511516
1071.88547717656
504.945066582243
1726.790705712
1332.88460251498
774.580544048557
556.32566893186
414.187722099877
211.175920157952
294.670171770293
113.732267072067
300.165105832267
739.862360752123
3001.75082142833
378.678758353113
1013.85897083399
2031.07946910267
1636.07443596182
1153.43133546917
1714.0666681807
538.05617138725
146.339987324812
336.065130031555
187.649068706665
299.129353248549
215.674358145315
55.8405932243618
70.3396551922284
459.231350528805
284.776840401473
477.145760939048
167.660003916533
338.217171554732
426.583541481835
244.572295149805
157.192499278265
353.720078397682
156.484111639565
241.970422690838
387.373640143285
85.12306591519
108.147143304296
355.07703819662
301.414471079845
847.21954394293
115.563271964585
169.706569996877
438.659342008447
87.1088318486948
80.2158005759215
141.221168081212
238.295671762257
93.5604286325402
58.29575626287
242.710524962092
53.0126689638784
180.485933829013
96.7225966729934
155.326787832322
38.7542222871234
397.97565074872
123.869727099371
314.20242697444
446.790143946573
1178.1588708255
604.230351310073
1134.84013564721
1137.14992785626
417.333333333333
646.97172861928
1700.12203336648
1119.86270166306
833.583701967948
849.817944598587
453.2191345627
1114.14875324265
276.817645107307
1128.79438702219
494.325755770255
229.360898780297
623.672655820517
668.1558997206
1183.57762114382
361.964237498578
393.495507929733
1190.38323885055
715.954484241032
117.451170509052
194.843162669403
62.8842578301318
1382.32790795322
852.078627834597
834.214753694121
548.060281833705
978.239559615065
1789.40322583884
1138.16235707174
2577.35996970836
1332.65456972536
848.595404795002
837.855694610205
436.227380534417
1202.95199307989
75.9197158718434
17570.6569823525
10909.9424531629
27312.3131910401
15527.6910859824
285.9287362368
335.856081640625
2925.06339356989
829.11241973434
824.05249104188
1830.27672402809
1597.90421591142
407.823660017988
457.563582984575
870.833333333333
881.652801125275
637.810333396675
413.25109156681
412.901434110222
9971.87954811585
2025.4244002757
3486.03451226772
1400.56453032511
3058.05606358969
3412.25367799717
2752.34970739134
1638.80993669392
5237.71291968156
3817.73398351526
4567.4103707227
1460.28739544209
721.8682235568
701.742148501122
751.571193723297
769.531780985507
2277.41438197711
2102.21649832946
2459.46647621613
1066.54680081384
343.464898984317
333.974260079787
716.974911194007
3055.60388391463
1059.88175321936
549.423404923432
3078.08760716612
1501.23772456996
1386.15583255362
1350.27493827688
498.324026810373
327.213047092906
402.88815367214
301.794841923468
1252.80607505666
262.6762851643
422.577916394327
337.2521687094
387.151057621803
1903.97039038062
15.4459535505868
13.097877554195
368.12489030855
766.666666666667
933.333333333333
583.333333333333
198.333333333333
750
89.1566837295666
1170.73324503377
701.63917728897
850
1111.3402962631
1150
950
205.13405857575
202.702726788929
205.13405857575
202.702726788929
262.981555408468
406.358593567673
20.4707808091455
15.9620518012433
268.914194159785
80
84.7074363004017
483.462859621823
149.87315261527
499.95798944802
752.609020192299
125.210043368143
585.3810647664
1188.50691579892
2975.75180308815
648.568907721513
294.567211552381
55
43.4503839068367
233.624280236733
923.14663233508
122.674250441395
624.996845405122
46.7660539950533
125.940609321888
147.8191297412
251.883925846312
713.688815862667
290.526133011597
159.20155619855
45.4477899036351
85.3492479807228
210.889628039172
499.174505420866
446.396944560601
528.375911031016
305.526222737876
752.010466019063
518.706749778459
540.773963029563
426.019574787863
335.783043623627
169.981773234912
111.636749903684
186.11091500504
248.176006480255
802.913413441394
399.272833808662
526.264893393453
536.75860151855
759.354773544676
204.57791932926
544.278865246741
404.610081664937
189.767649374058
663.18625649963
101.78537027032
911.198905638063
270.921559415448
647.655775864815
322.053684865551
88.6105829157248
219.476367498072
107.563356805588
107.606423974847
64.6296087747084
96.2754523722001
191.179172961394
6.84510336599836
169.28235811211
341.187186927313
268.333374071293
221.56188402212
564.040291767108
1168.25398236027
736.60315273823
382.383836668032
237.867574392368
734.478435137672
68.280053357738
379.86858595178
905.935297438105
2651.09407485013
1102.73979578538
303.717690339943
529.72696116648
89.3822137021466
339.00587407484
351.759389546587
451.81422318933
2007.25130302617
950.565237046965
312.386568139972
581.242040210453
3217.99323377044
228.230127769317
223.458049179187
97.7609419627602
347.49217362275
412.762762945182
1646.01063831447
291.266445347565
385.919876739015
93.1724854231084
885.428517730903
71.2769757944814
475.261362401812
414.012866143918
360.281176333383
130.651018893168
2186.16891217694
512.478541708123
187.351639074848
1835.03781229944
1724.98089648074
463.403777170025
7196.53658861048
241.106150680028
128.113263182837
987.565624657515
124.126101535075
48.105629639505
91.7503053646366
262.519917133752
67.0023120414416
1725.76865550101
131.791121220036
1008.46585773793
18.4147654366401
374.958129428097
40.0980075527935
304.47431368208
472.9855254659
257.442131721334
82.3476613067934
82.0120384625866
161.678650658277
62.7843218308899
667.321526789823
416.98773348753
289.89727727114
2199.9750802486
1549.11791564906
112.016609419925
1741.88340250761
1050.75742840328
2143.12587977286
1595.88460603967
5084.98227302451
1984.25775226315
1359.50981375066
478.920597106853
2171.02651518784
464.109410054273
1492.70238311905
624.091926588112
595.435293315073
147.5
845.95441789012
907.846522812925
744.077627848833
467.22107873698
326.496008078537
231.863715662167
406.011811182533
713.609053387667
1346.17006658722
1394.2593200743
742.379701409109
441.661532470988
1057.08273523673
602.278094662327
1217.73341578653
496.435745793313
97.4324953300832
815.203459025787
645.105264992572
100.546454328978
836.280299176057
1025.96670654526
145.399546025287
1810.91730431504
175.682389713838
260.461295665257
1490.67836284957
1008.44541942485
186.02912536588
66.8465732839668
862.564881608955
701.812234684985
380.249989456282
491.144708199042
547.672522927772
2872.25739887141
3548.68564877995
172.573485893557
2066.6064172262
1362.14673547079
84.0073980589949
110.9077562186
141.950705148423
194.97398490299
641.172976773298
1261.04038959951
306.077741462471
1173.09169661792
416.439129622208
62.2987177295101
1962.17429861142
252.59702470778
95.6699809128415
58.0463163363418
186.457942214792
62.2570573058533
773.863882718365
385.708885204952
591.510724633318
622.668655290367
1112.49003685525
575.156584963935
1968.87000257451
401.98812960182
1404.49696839719
303.823026489518
275.258972997914
303.602358884697
1033.18613827678
1627.41317325969
2993.39433065481
505.638937774627
628.764502639864
885.840731949515
1324.8358596711
782.007725090637
816.093825217953
1525
1263.73386879056
