1402.38106455315
157.271725158958
99.6447313900239
301.547311747966
319.627091018392
200.317196474723
1454.52645465905
1076.17055472741
670.589623622172
354.798631764236
18.3002474986737
23.8330376510834
116.314698084611
81.0853417314039
791.521437590649
773.381118890755
323.139009236946
241.442955823936
774.572725639599
547.440433551159
654.758817704972
681.416448601018
96.9010367318547
3231.17859128375
361.302698861956
610.451630749031
675.205808275009
1893.72509701444
392.911915760811
769.24678402853
176.913953357731
1323.21569643296
477.002603335464
384.040029074514
445.055355421195
2347.85114043377
60.4474362576235
65.8937076604784
110.342229037398
115.072185616195
125.290466474237
124.430509726695
124.781299989815
136.680114114079
141.9978709111
169.121916142705
141.650054054213
61.4558398536266
111.578876647856
111.669441099393
115.901418054371
151.020546139494
185.215972233627
29.0397595208452
333.18044141446
185.132604894872
134.148474439987
247.250600048965
383.733408793593
393.063292773485
509.099893310023
105.009346590994
196.501737532901
656.91345524334
563.954799403592
60.0716489880341
388.545769089209
155.22379944414
166.613886374349
33.9039823769737
27.4714013932408
27.073549951936
27.0573082061019
919.372950109287
989.06856575139
82.6702474074923
707.209480736102
548.087413920604
346.017771692796
318.957463848687
768.367078443434
9.0052044167166
56.332852951504
106.763141653056
425.754935781896
486.631672697382
10.4280469074234
102.199342415403
99.5412281978886
23.0702374100554
288.060560739351
1531.15282152169
16.2648683652312
214.332753930301
184.306171552888
89.3490817028656
22.0014658412568
25.8064492641763
163.433629406839
277.551816382838
54.4332471736738
294.352937546876
148.857070405978
5.63683579416276
115.359095008331
9.24518825564891
115.251308304353
164.370284971529
101.45624209925
98.1117236143059
10.8422971798814
83.1674757993614
24.606433664067
276.393397705993
356.411094437191
851.152554542929
93.1445707710944
16.3515888074399
182.657908187792
150.37536386547
52.1769619743116
30.4515639750985
36.1349718973992
67.0776060249592
281.109180636757
27.4646574927854
266.52391209682
127.460905630023
7.44110525760867
91.4406607502559
8.48815929990277
76.1703637842485
99.444961802277
62.9750144930927
71.9046173650093
144.235619405691
58.413126068689
26.0786177122337
297.227570341499
335.844155670529
871.224008936351
70.5051916303165
82.3613813556904
180.964360738937
1425.40640040648
40.790869125494
13.7979232802274
15.3551133522293
48.5351695748952
229.601663098506
41.7928823121956
160.50132718095
90.9389170279009
96.671656946905
63.9395948212074
97.0912686319855
7.2602442954262
242.415414045514
92.6289716474553
33.5077289004404
91.6794291730024
52.0020391678109
47.1183011886727
399.24837873958
107.666786709595
41.8491805443224
61.4311561203377
138.622808169238
39.6219306095722
58.8629296390611
84.2265219312361
25.3527675578862
506.638578812467
18.3961818520811
12.9418609737056
54.4952818128381
253.131364871176
85.1796987770183
18.5200985472867
56.7858802233956
126.608904812224
101.60407436256
125.419389871744
11.3807347864276
32.9690742420357
40.0939676794084
19.824661318867
33.3474800483697
251.995417954162
15.3431225358174
636.273453242726
106.607038995068
144.222150996053
31.0482929601679
31.4611383115231
433.832507512505
482.12427238892
180.526702071987
115.704634673978
206.773332472711
96.9278735556715
212.211704348174
618.616334201481
33.5048569422185
471.683256203002
203.788862392701
3920.28768192258
1696.59778119589
160.235598944942
1245.78840831518
357.369892131227
390.127437905045
319.742001624515
83.6704819883755
84.9314239951895
86.6324417015542
247.415655450891
428.519333681842
27.4018545680511
14.7152339189702
461.391937514649
485.739342033947
480.441085118171
107.491431561261
279.576439739541
318.385036913053
629.294039628151
197.865773576206
31.7422617394227
599.411894896645
127.660896031903
177.017711838684
329.299070426921
277.573212421473
146.916103587929
581.759250682657
144.99441340285
87.1949498843755
559.110410549241
265.841133824836
196.729689702251
310.957796523111
550.036539019585
144.952771985675
445.81627365294
252.423142714167
608.17730667828
729.535761661691
1619.64527338798
63.58407937707
326.147878590559
42.2668712677621
147.104484598626
38.6851236947557
43.4872029854025
292.091798125861
61.3340670606458
125.975664464098
603.006136901154
289.081705439119
102.012259676931
14.4206252969958
522.903910125976
300.761153072976
196.738006039203
157.692272256781
716.89281010053
87.5097747202142
86.2284184973972
282.196837390315
296.224207646931
31.4047493646593
168.860009170031
122.840350927952
890.311101814926
436.490047828163
120.059376055214
83.9480004504657
78.1367212686301
56.4859927639954
95.6239165099615
24.0008583999765
9.31813646127428
28.7933809778543
17.7838668068179
242.018817987548
119.934242436892
62.2904585997017
133.957089398368
940.448475645456
405.030497362706
1150.38932308565
697.915092135673
277.812782448504
311.41874359387
413.09930555165
976.217097158179
793.958984638559
520.969223462062
282.44019509117
333.627505756504
346.979783371354
1108.79418434596
536.559104096315
547.827229061969
528.39716193535
480.069560466806
353.080240843337
1096.10503243917
980.974411138165
684.011803582946
675.141398062645
197.264569344921
1209.90700081426
498.242481918781
433.763191153009
624.670711844548
202.447875330362
408.283826212444
939.175435386679
712.924940694269
447.502409022482
692.071521324091
451.689939216715
1057.65870505015
576.972297591907
1230.89258139862
393.456132988146
2184.91262791471
504.931779279081
798.726274393203
693.476340921414
390.847121734613
445.861008817219
999.401759215699
380.974249786469
449.384039539572
667.086170161409
492.658033756909
1229.15028986565
842.730839240497
171.806566036414
615.760724584963
610.376873549458
548.504068165082
1086.15995824894
635.784738639774
675.000409731085
216.809747455952
870.967273367851
350.319156128924
208.552181350212
358.584700284735
607.418312904608
316.907654759797
698.776050475207
543.694381852843
857.617748916277
775.524304604587
