0.0363331170877467
0.0409539051421301
0.00921219486728324
0.085856207370961
0.133790763722327
0.201533102347044
0.281547752151893
0.197089886677465
0.0602204847525357
0.0563214370879142
0.0398331939117381
0.0172243342352709
0.0392866705837444
0.0292510907975938
0.16025511300878
0.157147974183875
0.0213243055219891
0.0475696428004762
0.152521568780681
0.115113550097609
0.212223665937096
0.150473991228055
0.107820176997626
0.265654360481781
0.130376502835067
0.121410421713045
0.173799229042213
0.349032941608544
0.184404430343438
0.127829910852618
0.129151128538164
0.19790946001901
0.163732685437186
0.143653953237826
0.231448167887564
0.13039283355147
0.0191402980959135
0.0191688569435639
0.0174451090199224
0.0182161226014139
0.0180489069504081
0.0180323235988894
0.0180315002807752
0.021476844218675
0.039032949205081
0.0514353173235333
0.0389367469975027
0.0179475653144068
0.0307492140410027
0.0307121775108165
0.0157946805953946
0.0170786170735377
0.0653585526241312
0.00949472102830691
0.0589647008990283
0.0348470637673646
0.0773411856443671
0.0604078934464416
0.139597131873534
0.0383118046803102
0.0385378357181376
0.0120140693084157
0.0254984358761279
0.0365424929275289
0.0237109035046104
0.0071584659090296
0.0245421293547009
0.0212520115066676
0.0230890766047761
0.00980303397086688
0.0127017580163517
0.0124685063729277
0.0124589625188682
0.183692548835312
0.0328706377865956
0.188196937317338
0.147169426902295
0.112644355303232
0.197532565614989
0.178609835108737
0.0279699175736945
0.00154481296107446
0.00793667786740276
0.0151641228905512
0.0166317760664863
0.0195283065651438
0.00903760307904037
0.00722364597354703
0.0790476001296359
0.0108428134034008
0.0111268110988297
0.0629648975474891
0.00896575418324241
0.0976536574569088
0.0889645171195463
0.00683069533844526
0.0368941039935756
0.035719176029712
0.0095229348989898
0.0206032712947268
0.00487278834774573
0.016262388788786
0.031131938520765
0.00448818799516447
0.0110437062692434
0.00376450264769203
0.00390014586640608
0.00955707151618475
0.00605809183269699
0.00966267073291879
0.00955071847510562
0.00721286337075161
0.0293003391352224
0.0248654661037486
0.0302721470546406
0.0503650046365791
0.0121189425065319
0.00901900904649858
0.145509439050612
0.132422872584342
0.00423530506254766
0.0648487775602591
0.0610718141046829
0.00681065295482913
0.0222662445527428
0.00244572532973312
0.0221732507072214
0.0304929344354876
0.00670197922057857
0.0093830305936938
0.00346703150614824
0.00281805723486265
0.00611506606755406
0.0042038694957016
0.00986286618603565
0.0177895033800726
0.00636871838281434
0.0600858158165874
0.0338429471868376
0.0370116443284851
0.0714148246383953
0.0113385727486601
0.00602789582443268
0.149244479412527
0.128085227044509
0.00431553656824946
0.103853468799578
0.0595041352656828
0.00934969374288261
0.0245013078132674
0.00524921561807819
0.0177940200075387
0.0257182432277064
0.0101975553158874
0.0114309919119107
0.0146398794469038
0.00441631848719666
0.0130311088311384
0.00862087440685637
0.00338384237249884
0.00643276064051714
0.00872025801636519
0.0114829549174414
0.0131625536286867
0.0230803179294584
0.0128772336680893
0.0189717323231052
0.0346718248322148
0.0171979215356308
0.0151332777873034
0.0122529978985292
0.00566267822681821
0.109918281495239
0.0057535769821147
0.0031851803870393
0.0201848448699018
0.0318214776277506
0.0560277974122908
0.00483174365184859
0.00658549435644908
0.0129773023701949
0.0618451294320394
0.0189433975090397
0.00219651461712599
0.00650992951036699
0.0216737837467866
0.0198884408707806
0.0125054816117021
0.108924679368715
0.0278264322362928
0.0805465483521791
0.0824007222967964
0.0219182541690666
0.0587630427016454
0.0282034492672397
0.039954467066578
0.142167048057968
0.0645016043723037
0.126953501652341
0.097153857318356
0.0480996764398977
0.0434290964106257
0.100749740422409
0.0036982950881256
0.0296246812927949
0.15398890150288
0.23340826507367
0.0474629861430219
0.0311338347946848
0.131721805463041
0.0147948086439685
0.0622706771016769
0.0800488956578432
0.0314799311118183
0.0307742013454649
0.0231836941243123
0.0155340813828904
0.0293818955020988
0.0228931079415548
0.00682121398872532
0.052145727237261
0.0533589181866211
0.0132475182918232
0.0438787739235765
0.107350496683802
0.103198569126134
0.301075314181471
0.0181827846502681
0.0591219344718616
0.141122490596758
0.116436962863629
0.0606113470888052
0.197450137834938
0.1104961792219
0.174438514567304
0.109812061918215
0.0977448995090557
0.121085846145979
0.0986014036410373
0.0752410877757442
0.122913217344437
0.134437015790758
0.160657478997794
0.085237826072848
0.144946278250142
0.147203208590324
0.0704001740946278
0.0395544826239891
0.0673415452030788
0.0166087398612175
0.0413624489727148
0.00405841603942213
0.0101897575946083
0.00517633673028003
0.02162498324565
0.0734121042490743
0.00999399415474022
0.051723269544398
0.0770048556410469
0.22657504085871
0.0187807646150744
0.00269085075413393
0.224666717557031
0.0631544519576897
0.0895491984527154
0.0706106221774645
0.166234290464598
0.0575302734314083
0.0592263432542953
0.030766255134086
0.032276700520435
0.0300208859178264
0.0164713522760109
0.153578689424595
0.103507719684895
0.0322089512336736
0.0350119088665895
0.0571296647087602
0.0560550946586601
0.00925195985460407
0.0445522207782617
0.00963413362241127
0.023914183938189
0.0414223450380407
0.0195656104640774
0.0193118160492849
0.0448910295797937
0.0074693337193639
0.0117399149726833
0.0513352650393411
0.0429753290644145
0.0583971951667735
0.263152940846043
0.180937549074986
0.083055021255902
0.106682961247776
0.16102489613798
0.17536344864927
0.140407111123935
0.105285424403395
0.0994229946779645
0.0833324397880961
0.167973465323931
0.140378076054133
0.158143406081402
0.179998583118459
0.127434963472188
0.127639839323656
0.128107758333124
0.16435893387098
0.120914449905191
0.124387453055272
0.0734314128694101
0.117335950167836
0.0792445130835558
0.129736317726507
0.145788811819236
0.0421201224429208
0.142789518742366
0.366906236427878
0.0919737634185537
0.144079992693981
0.0998914244651914
0.134060527034373
0.272116344827269
0.121235901452679
0.0991548630471646
0.117616149782455
0.16109878377028
0.106531989191555
0.0993944881517114
0.175584488251062
0.108079986682385
0.0909395905433957
0.193782247835248
0.182829366523694
0.197192955839815
0.244998195814099
0.0966054477190928
0.163672459341939
0.130288791231541
0.0903865503536807
0.12957560561841
0.139371694145984
0.136361081814473
0.154607445062786
0.134212377106694
0.132026888719704
0.0395117500930281
0.134418702215036
0.179064444236105
0.141534469272303
0.176108173361196
0.13955752032625
0.0876265963329637
0.13275479355098
0.117739449119788
0.120102420960671
0.16037051563311
