1.27254108780105
1.14049716862115
0.39252446675828
0.462317086545419
0.326685718562216
0.687790519440744
0.675236930905058
1.09111780334179
0.364521410014857
0.210990741968391
0.0247287878879584
0.332564956729244
0.716975861032392
0.528931565964941
2.52014859560032
2.46714538211487
0.220391376983203
0.204321490192046
0.446254544463987
0.587053716644968
0.664427607137972
0.384655747411582
0.349065058726321
1.16219210512339
0.727165415474922
0.310306718943655
0.667855338304841
0.998047046164272
0.703148069301968
0.762482804903448
0.586831183036418
0.938560732014258
1.22524142575723
0.882625820488469
1.23042282344709
0.856250415348724
0.240524843474221
0.240162721139138
0.236953371659554
0.248706607465491
0.185181111578746
0.185368725640529
0.18523279951575
0.295150083282506
0.506798358270581
0.575856817353424
0.505407311880623
0.226393223838917
0.351780071454231
0.351445705423541
0.197726164681694
0.188649607522409
0.121457193751275
0.0243216220254787
0.258491335154965
0.397582125614535
0.449573949379451
0.822905775507149
0.387690686422023
0.605273949866848
0.807355874258794
0.424510068622905
0.932912704839106
1.40455385189417
0.851380515765539
0.303123249807462
0.578209577268219
0.163986141941572
0.147218046186264
0.0343588776091904
0.0206228795703624
0.020857722584125
0.0208383639562262
2.98422698602267
0.416915937773809
0.0213871094843912
0.784094008110779
0.588736235639643
0.620069281684591
0.565737144871404
0.355487171246982
0.0406110546757854
0.0985031048072323
0.188947567786217
0.228819801624812
0.268207625082115
0.0479714468060337
0.274190170716783
0.234326445950893
0.144491130140063
0.243928638267634
1.75585597019563
0.232322507191702
0.519790449894357
0.404793932333429
0.319298099058157
0.0860490804722664
0.0842244673213827
0.192350747251064
0.720208913336
0.0829626679567869
0.575453026899484
0.704586635664521
0.0279424753356505
0.336586127203194
0.099428832759132
0.157446733283959
0.422994259006769
0.263448923500249
0.106575193052259
0.0501913835550941
0.270551760212822
0.0618992400697484
0.252540536390344
0.500067872285597
1.68189430540341
0.238799603392097
0.234481121601063
0.734910818711531
0.495130109797469
0.202005026106403
0.124577970196531
0.124415071681067
0.125324289540733
0.75378715806633
0.0432837649794155
0.795948672124974
0.665238115366621
0.0436377099931525
0.327287076059777
0.0917719805926454
0.111853350542627
0.278059232429263
0.187238636415184
0.101710914023457
0.215071323306149
0.184209065291646
0.0762688599718298
0.327923566908382
0.438469940427381
1.681223920957
0.203997451550674
0.1444293785031
0.546169855042438
0.440816631138874
0.170109088709714
0.072844438656468
0.05695437197004
0.109260644442749
0.599348423859972
0.202035469733714
0.495067174821756
0.491044339667949
0.0558732988670025
0.239137582962284
0.366765230880336
0.0933952243901821
0.389188658551581
0.31602344240676
0.120546974593682
0.150238844643006
0.127637024558962
0.120965939622227
0.370066290170828
0.0589094963922647
0.120246081317506
0.197066302717788
1.04203954916839
0.220610446077658
0.413039997368868
0.256170847666999
0.227693587916189
0.279411528831104
0.212600638858239
0.111429208333455
0.469978214540062
0.292271008890799
0.510173154107944
0.123032188555417
0.141912118701669
0.394459676631629
0.25498522108193
0.508092852965062
0.0783322795728879
0.230836522036365
0.335022349340687
0.132291048919089
0.0568927033941589
0.776797197474602
0.0846017025223024
0.333707495288687
0.405386184528974
0.246506916492006
0.0842914624952792
0.138319091803839
0.294458932949618
0.492200955957363
0.388710502668057
0.144214599312141
0.0602721948338071
0.346536385404702
0.30859537723696
0.818083860045319
0.123597927246119
0.262542096166768
0.456709228898877
0.837504419192534
0.457939596491337
0.286178892639814
1.57796787117852
0.332929046729766
0.258099827122486
0.129725035601118
0.2408867580668
0.431517884295057
0.337857068094057
0.348751137432111
0.85898142177781
0.59524816568313
1.46357270495725
0.411359558559203
0.575953781776225
0.156896147723411
0.18319010498147
0.406487897288797
0.360120275046127
1.30751625345163
0.128236962263349
0.105411397947762
0.384007172435911
0.4140631791199
0.148646283658438
0.668048282266361
0.373254255520409
0.538002404435572
0.525752922111052
0.257643485979515
0.436839874374605
0.203097773241223
0.270106778819958
0.669074448874061
0.302650423548659
0.825191394246373
0.333445392860734
0.544966903797341
0.78052810985603
0.318924020995755
1.26889108170225
1.78238386563665
0.735027194542794
0.491453311681693
0.167759045542194
0.288214985228616
0.15795963438494
0.235477359188538
0.992340414902443
0.0852743593790295
0.683467190680471
0.163962541249616
0.224151919403535
0.144623981522506
0.0400555390262211
0.816383764627122
0.207520532200951
0.560379797247882
0.398424855709375
0.559339929458403
0.347604985251716
0.272196214366047
0.163238682056233
0.18550990317408
0.290756650659475
0.213029039169277
0.768337057763367
0.57573948443193
0.271219032160003
0.159742880158936
0.341996223575036
0.223128956801537
0.23949203761756
0.261556593680343
0.0183362328811492
0.015763667580045
0.0943422677671447
0.0429374701300194
0.299919619504315
0.276124124079841
0.0809434121861501
0.238417055220416
0.585939301257071
0.367557655033466
0.75924632332197
1.17791634746409
0.628681003488605
0.159207154234533
0.632390710836309
0.966793938707352
0.977167229752454
0.988565701161589
0.785302393569129
0.744940251145359
0.652779694885705
1.02131465314498
0.831343407153942
0.889173661936046
1.06440962835063
0.854032214300497
0.79609091970718
1.00707614885528
0.841047286725369
0.924456772786431
1.32320470994458
0.207359388348181
1.08079055342913
0.582547727726561
1.03383263183981
0.264616582065964
0.126325660070965
1.22469742248706
2.34627000711011
0.461460778500294
1.00499075438557
0.762465738571993
1.05380490406557
1.61394075198185
0.867100627738506
0.732440314564714
0.600138159088079
1.24056155657835
0.768597044480949
0.664433833963107
0.851210459340596
0.847314346862604
0.636569034805021
1.58266310701378
1.04824337491031
1.3438809110348
2.24849473754947
0.569317791108516
1.45833386079912
1.10322135552974
0.670225947024819
0.908362078555419
0.878091004933015
0.632251013154036
1.01194016754091
0.884804265459642
0.792354816983454
0.0535141429419745
0.164548607965356
0.680419976386488
0.125823259675338
1.68428423653518
0.922617355400162
0.152661937216143
0.625757114439443
0.9347007873095
0.942395999502834
1.23703069495449
