0.0363330654207841
0.0409533239494837
0.00921214812160197
0.0858547450812418
0.133787197458142
0.201520628056337
0.281543951983368
0.197087722395431
0.0602201344835644
0.0563209096249338
0.0398272494097449
0.017223527103341
0.0392858665631892
0.0292504874591899
0.160253327870277
0.157146219993271
0.0213242181288088
0.0475690671382857
0.15251947692545
0.115112001646491
0.212219585400081
0.150471903462713
0.107812626115132
0.265652806460419
0.130373390622622
0.121408913921605
0.173796236895375
0.34902900263055
0.184397187260494
0.127828550642022
0.129145488483174
0.197907690728622
0.163729125472769
0.143650050830275
0.231440873399738
0.130392395452601
0.0191399655387053
0.0191685428648409
0.01744495871688
0.0182159656133436
0.0180487597350352
0.0180321767492849
0.0180313533223759
0.0214766593734926
0.0390323030635952
0.0514345097888582
0.0389361020754976
0.0179472592553289
0.0307487418895952
0.0307117062442486
0.0157945598531507
0.0170784943395444
0.0653569416226141
0.00949452787154232
0.058964101249196
0.0348465908142427
0.0773387425251755
0.0604070318451916
0.139593457154264
0.0383115978309528
0.0385376562293979
0.0120139871673068
0.0254982320421711
0.0365423617437442
0.0237108424711198
0.00715841839818105
0.0245420402335932
0.0212518577904133
0.0230889095453031
0.00980284662913855
0.0127014263782168
0.0124681807760175
0.0124586371691745
0.183690505914191
0.0328705709099042
0.188168151070013
0.147167691632652
0.11264302391253
0.197526235086274
0.178604191480535
0.0279698600754756
0.00154479548472255
0.00793661168960533
0.0151639969532512
0.0166317283220945
0.019528250407075
0.00903718872313307
0.00722361606696322
0.079044194822847
0.010842520831884
0.0111267828660253
0.0629647598379838
0.00896549702702827
0.0976511335731003
0.0889619770960036
0.00683066551975028
0.0368902822447712
0.0357162700930569
0.00952290279845445
0.0206031823102007
0.00487276391703734
0.0162623377166801
0.0311315609676925
0.00448796267939491
0.0110436457306304
0.00376441562395558
0.00390013785280253
0.00955704184041689
0.00605807066038977
0.00966260596113171
0.00955027478796348
0.0072128256964044
0.0292983346087386
0.0248653464019799
0.0302720114273208
0.0503648334000085
0.0121188585084552
0.0090187502538724
0.145502970983968
0.132416007845196
0.00423528496298712
0.0648397378888159
0.061065273059745
0.00681061250579976
0.0222661430193147
0.00244571273865812
0.0221731502842172
0.0304925149782261
0.00670163323288439
0.00938297296811838
0.00346695130207867
0.00281805110584794
0.00611504417805471
0.00420385223658789
0.00986278806072172
0.0177893686042651
0.00636867347755703
0.060077535211662
0.0338427296645991
0.0370114174568527
0.0714145029870441
0.0113384697554776
0.00602786928859776
0.149237655317681
0.128084546839571
0.00431550498961202
0.103811034641875
0.0594904221279551
0.00934958676430992
0.0245011580447569
0.00524917457189011
0.0177939153838145
0.0257178095848641
0.0101974943247949
0.0114308664834272
0.0146397440167211
0.00441616367743375
0.0130310698056916
0.00862082812764755
0.00338382141518278
0.0064327343168479
0.00872016213060716
0.0114828037106579
0.0131625270977714
0.0230800065309583
0.0128769879087374
0.0189714163717684
0.0346713589580984
0.0171974193667546
0.015133069566242
0.0122528974558881
0.00566260181581187
0.109916767744849
0.00575347461371499
0.00318513220232947
0.0201844431255127
0.0318212413236045
0.0560258672610545
0.00483165523798505
0.00658544934055647
0.012977229573147
0.0618429362338434
0.0189432441580108
0.00219649103205551
0.00650985033407363
0.0216731646019064
0.0198873716919423
0.0125051976510592
0.108922036544119
0.0278232449451348
0.0805459763747722
0.0823971659843989
0.0219180689217834
0.0587569724425506
0.0282019976621866
0.0399542644474991
0.142164774423908
0.0645002837693275
0.126944957888138
0.0971508912274477
0.0480984299564965
0.0434285910177972
0.100748771984388
0.00369826984582282
0.0296245724629494
0.153981641102461
0.233407383806763
0.0474628941201308
0.0311334502519511
0.131721046502445
0.0147947725352984
0.0622701244288086
0.0800477019616396
0.0314790966231142
0.0307735633739915
0.0231833314340241
0.0155340007959955
0.0293817416097512
0.0228920316282421
0.00682102451917678
0.05214537645781
0.0533585839737857
0.0132474941871568
0.0438776657332767
0.107348092400112
0.103196680371815
0.30106739992723
0.0181826763089159
0.0591152352680151
0.141120440882531
0.116430715174629
0.060610112968729
0.197443074665813
0.110493666900115
0.174426529725788
0.109810576100475
0.097740960678345
0.121075582539339
0.0986003547512568
0.0752399118708616
0.122908738837986
0.134433277643952
0.160654293092407
0.0852343703219004
0.144943728724358
0.147198204075505
0.0703995746096937
0.0395543662760753
0.0673413838690103
0.0166084923551182
0.0413621495246148
0.00405839296001144
0.0101897170598751
0.00517629361956259
0.0216244108879705
0.0734106859713826
0.00999386898077766
0.0517220079944594
0.0770042202891102
0.226559044099774
0.0187805603852761
0.00269082005575147
0.224661320002088
0.0631536708856558
0.0895470586733668
0.0706089412457285
0.16623196849116
0.0575280937899941
0.0592240260379609
0.0307660652976472
0.0322764958540693
0.0300193246728502
0.016471231004462
0.153568652156856
0.103507088025385
0.0322088108178336
0.0350113653351278
0.057127426733941
0.056052810622096
0.00925187483350938
0.0445510137415343
0.00963390692606195
0.02391056995531
0.0414186563195028
0.0195642289210346
0.0193117244889986
0.0448900449419527
0.00746928587778866
0.0117398556956026
0.0513350991375335
0.0429750569667113
0.0583970294219067
0.263146122283209
0.180930914479603
0.0830536865031951
0.106681029622762
0.161023248305728
0.175360846139231
0.140404898086342
0.105282448238276
0.0994211478303681
0.083331124520588
0.167971832253457
0.14037550703031
0.158140620436028
0.17999459253115
0.12743294394802
0.12763678728218
0.128106799809607
0.164357282812197
0.120913210755615
0.124386074697046
0.0734297003970662
0.117335280008865
0.0792436908295949
0.12973406162827
0.145786887100025
0.042119575273698
0.142786570527835
0.366897962445494
0.0919729459601082
0.144077063165379
0.0998904926898281
0.134058162171566
0.272112781556483
0.121234267642744
0.0991543260194883
0.117613813914617
0.161098039622836
0.106530482555457
0.0993936703433653
0.175581975339829
0.108078137006137
0.0909384497342604
0.193780054569201
0.18282431458324
0.1971875594424
0.24499303580024
0.0966040881804338
0.163671218822507
0.13028755190948
0.0903831130138699
0.129573912562082
0.139369518374562
0.136358943086273
0.154606061976369
0.13421055877854
0.132025287492708
0.0395112009696195
0.134417404510118
0.179058851585456
0.14152902503834
0.176102779121509
0.139555276897027
0.087625137121363
0.132753036239731
0.117737727756946
0.120101332134499
0.160368416383448
