1277.76228738923
144.305945612208
90.7841332214301
258.46874711468
255.559855569795
172.816908329595
1112.26324619129
942.841075247937
519.923162230978
300.7029409309
13.438336884407
18.3781143124869
96.0194414203462
70.933219953023
723.674004542072
708.453851324289
260.162559182862
196.574639364348
604.827785918452
433.888372017629
562.617579227707
545.746111288991
77.6188946698076
2485.55026317307
283.015594536706
516.776401417668
523.171588688892
1614.54070657994
244.461447856595
627.166703252599
161.091217355709
1123.26960510119
392.021721443972
270.020576758908
375.855697058937
1974.44249191506
55.0806102056507
58.4961822889382
101.239308314397
105.685271643902
110.642110332782
110.713910956491
110.621867656814
124.767387689179
117.909655786798
163.811767328815
117.551036193146
52.6252243717362
100.158043898379
100.104251171515
103.317332070856
118.829253554107
132.743301152099
23.3360292489954
290.214289459979
128.562392618791
123.438930382332
212.417789361699
270.450891215363
354.819933623164
413.933456932277
87.9233598566172
159.596363316459
509.934308879062
461.38256390777
53.9399553442308
337.9628090218
146.909929368959
159.556833594088
25.6481393999915
24.3233352990638
23.8730779867638
23.8546572585338
835.524629870375
808.089653362831
64.8237804597671
625.475634557482
478.621861404234
308.625813774791
283.088440384381
680.53172832093
6.82757556253938
47.5922995254408
91.2962281524446
289.688947150307
339.544839730077
9.85561931899532
87.2403512592075
91.7675203902123
20.0921192793223
219.264333035731
1440.00474375305
15.6291768354377
188.989887098437
155.86557690549
78.2386126109767
17.8267127904547
21.9595935595956
141.257307134815
238.5309691661
48.5974517482176
258.9179085425
128.392903334246
4.47108146002708
100.73199501447
8.14213440397694
94.9107546372084
153.893725656523
86.671763884777
72.0772430505722
10.27888376643
69.0465360808371
21.4236695555069
258.266159870792
337.842089101454
740.8272489782
87.4534184678028
15.7153917515316
163.794616379479
127.864597665348
44.6242540394694
23.2741466631058
28.5142184939551
57.33798078804
244.154289799192
23.7542436585827
244.806982616846
110.85985957941
6.49205551244122
76.3905610150014
7.49341753611001
64.7875061818925
85.4166806426691
51.1988087735845
62.2592255939538
117.413880955421
45.1636750004884
21.8412870340501
263.272504151456
301.907129020954
793.207452692477
62.4297775279708
68.4651919340694
163.32555710364
1207.29465499059
29.4894292162762
12.7067982906393
12.9092644276435
40.8577303566016
200.422246210975
33.5665859467305
151.339098213949
76.2967425144038
85.2633885345713
52.0890780144129
79.1285183098146
6.29914439692995
217.563829779392
80.295997263714
27.3190963525676
78.5997166678925
39.6572225248377
43.6016365435215
326.529188268784
85.552997906773
33.7387943490777
56.9606546469747
129.124507463015
29.4582836510046
55.0000555364246
74.7375293532186
20.9825174698631
400.041504749577
16.1688130124631
10.52784466408
50.7077589238108
214.316131075923
81.3208206835309
13.202397982687
48.1710115438838
115.673359589193
87.2116048570784
117.006091154608
10.2284357403967
26.7624873304284
37.9371603903892
18.4987783092017
27.5382056039108
224.691608011488
12.1506268138008
567.505245381613
95.4902163431953
129.690633510868
28.4430100595232
27.4022889840532
393.967246342626
445.067550177421
157.556569124918
94.4194558935492
161.522596990094
92.81294783446
186.631448817888
524.643961489426
27.0924474216592
403.590310141439
163.677752533252
3121.10844310945
1232.59935593978
126.035556164045
1143.50252428405
303.292235223392
350.86110983144
268.503540254287
59.4163302511815
74.2244568114261
74.0971190584692
149.785582755785
280.598686812205
24.3463289667431
12.2786046931677
387.835713797465
427.313466149794
364.080159688177
87.73928775557
241.049473544358
282.013300686484
580.918842566755
152.78374346305
26.1072769736197
493.644539970305
115.770488770468
154.614086704343
283.312811525787
245.976240052329
136.489543933343
406.855526913719
121.974323325083
76.5668694236585
471.473005233676
243.47240443743
171.796658749338
244.096503658015
447.869346320654
106.290993397028
417.090086024675
220.84869249938
416.786792431014
672.411036434977
1405.66229556279
55.7576901577676
285.689653263458
35.6911078081112
128.078658235477
31.0814876581384
40.855849795353
192.749146553498
39.8977313345577
106.043867890703
467.936103167828
169.435397206056
86.3665449620232
11.7931503032563
468.431485767312
255.823867414563
187.404302509253
148.3160406501
598.600826829854
75.94079340258
75.6953365945677
249.374091077825
254.556960715286
28.8626302465851
111.861716327345
117.551598921503
848.705757394989
369.489401080377
112.766722958804
72.9357409519293
68.7929426542939
50.3393910039078
82.3042708243408
20.4719795947539
7.91939158968384
23.2849894816874
13.8554516842008
203.672285192115
102.336265065904
58.3086148211464
116.262291729755
795.026787317531
339.530126821807
1029.26034719778
521.232573037332
247.290611312756
258.774171298851
299.301489285813
793.703295323782
602.667888949826
450.079841371712
189.874900159393
268.923430663475
266.94026808719
874.062965475473
390.582947182504
451.446170645815
414.207403946732
404.872271879457
270.272867240588
860.438668180888
821.583049518296
592.345677162905
563.354405258903
157.667192069028
1028.10201394946
382.71305184036
373.87818678607
554.144925214995
162.441263959111
347.507893630703
825.216679643584
521.467160447422
355.946189687205
538.790967978052
382.794631401818
1039.95425168774
452.6265276795
927.792609892188
299.190305811089
1750.16652171279
381.059434695876
609.357015083522
618.221996469656
317.44026780674
365.186014502609
858.255593460617
333.678328591984
362.991833219865
583.805597928022
347.222854241433
1081.77122459992
687.149301444235
120.121245355523
498.917871646564
451.652380465903
439.233810995439
875.761933566115
499.250806785603
551.648742938409
142.460382169708
706.348406635284
291.754365589149
184.16930266193
291.200713895244
443.745997327642
263.516312483236
506.930308101068
407.162339386213
670.41378264632
620.856869864125
