0.137744955758802
0.138975232556487
0.146676284880831
0.234819195990934
0.311947288270644
0.2916292216203
0.16963788933803
0.231576723313729
0.200695571636624
0.175559157573967
0.251942838057269
0.215868577251652
0.178756682564056
0.172312445264021
0.189087379079722
0.128659788781348
0.284726037032543
0.192533733273605
0.151598063873971
0.181314636240468
0.148493448697663
0.127579902542517
0.242034466914414
0.245147763109597
0.180304786469002
0.187162043037238
0.214764420329774
0.194370696972974
0.222879887597005
0.27292327617457
0.151560026830773
0.224044550652222
0.264774026803293
0.173816766327702
0.218277642044489
0.264159137511715
0.318834215133843
0.162160153477112
0.1394300083765
0.190595672037096
0.259601357969723
0.131003519969262
0.196099422546562
0.155973003510004
0.217335561114616
0.172366225350428
0.137744955758802
0.300658331478789
0.202895952760463
0.251942838057269
0.247597029921797
0.208110740443177
0.158133556019849
0.262537215942515
0.159476489461476
0.251530962195544
0.175575859208488
0.169814593545167
0.28840371179041
0.383768148159406
0.19139433854559
0.229452429662266
0.153297033109024
0.239446536392456
0.162384162810695
0.220619492145034
0.179902680019311
0.23266569864465
0.282292346206429
0.161862475038316
0.249239462809436
0.243670621126933
0.264037467550985
0.201781547156845
0.235316065944494
0.172586402841088
0.167420820679022
0.170671569380857
0.17555759153843
0.209441498878164
0.221839280915846
0.168465045718157
0.209725208811959
0.191844284550593
0.273743037681788
0.230323317331534
0.147892292269059
0.425759143122048
0.362968220914805
0.190959537722512
0.18848644634507
0.257675277287912
0.185000162993489
0.221824468975881
0.188835951382481
0.192197628521368
0.237097318559399
0.254084330724221
0.179853651554439
0.176713120345701
0.166899759730278
0.215793159370022
0.281860905520163
0.156021525231897
0.222596536311251
0.149532851895755
0.291412050501805
0.194693787097868
0.123117581205733
0.433952056260245
0.17555759153843
