1.52096929880746
0.854956927335212
1.78114428213704
1.12382566591595
1.30370789451041
0.913725278304812
0.744016552147492
0.761409384137083
0.821615337757729
1.74286272024478
1.22712783474438
0.659770344003561
0.855476989707838
0.851952149677676
1.09829232549325
0.81666570673323
0.864102292291744
0.588079378617862
0.645201996303211
0.918025025235263
1.24453587996851
0.749830094532576
1.1686171585502
0.782002268590357
0.771418306652804
1.43508678987694
0.809741240843947
1.06018872024078
1.72691132453338
1.11363388314482
0.638581857029396
1.05668831322206
0.902195091346666
0.992885253043094
1.0401395865119
0.908091731498283
1.66110192082613
0.811925732422877
0.770797868890622
1.07832792302808
1.00872466123249
0.638554124017769
0.890516036470326
0.811115452008345
0.736181082754182
1.03706474032918
1.52096929880746
1.0740097875837
0.773970258278377
1.22712783474438
1.09623384783679
1.17627769961583
0.720749233247587
0.856656909198968
1.01715270547206
0.805667827034317
0.949423603097692
0.717826379691573
0.928557216835491
1.03947833539067
0.922672019080094
0.790846976943647
0.878591350844523
0.854396415076958
0.884700965827588
1.11950957245173
0.656491377327903
1.16983671849719
0.898315841930676
0.840977241006938
1.18902767982278
0.928005882143952
0.854287659373911
0.976124918624962
1.1015358684496
1.06690484866117
0.782752354725521
1.0553974939956
0.698922488148729
0.728515425448332
0.779864435327819
0.973201768821733
1.06330796316464
1.30044986823597
0.888191901376682
0.955710779782794
0.6453689070884
1.229029272591
1.25826238826573
0.698497436877115
0.874836872027458
1.31664241135732
1.36440603729156
1.15338299609286
0.765324139445443
0.834678851712141
0.843192428587239
1.09372347849534
1.10086215405272
0.689858265617456
0.993993736674203
0.746387440521848
0.855210769484058
0.70774962189941
0.821019756339974
0.558488100639514
1.11183463096655
0.791111576461977
0.666784085757347
1.65160497315646
0.698922488148729
