0.137549048671879
0.138616771251404
0.146366367858382
0.23407777295664
0.310836229127767
0.290334332541267
0.169213385575515
0.230394230939753
0.19940834311426
0.175091287655385
0.25125841589926
0.215071640714697
0.17829407388061
0.171830007345855
0.188502465756033
0.128349976602364
0.283602835924253
0.191975509320462
0.15122697318956
0.180672018990412
0.148029918253519
0.127210684472125
0.240492551454756
0.244496817241031
0.179758563083245
0.186561054856386
0.213231706945289
0.193705699181239
0.222243529459746
0.271531742313155
0.151052941390269
0.223367787719334
0.263926332933913
0.173494997066928
0.217089032950745
0.262454339297083
0.317033582617197
0.161825650943783
0.13904128610666
0.189914477995805
0.25850420206893
0.130656249636366
0.195616029218629
0.155474666630011
0.216435878102121
0.171841484576106
0.137549048671879
0.299687775742912
0.202167859556014
0.25125841589926
0.246680779135587
0.207655523999152
0.15738678649738
0.261553994158824
0.15857516418296
0.249969498105617
0.175021322032029
0.169341508733108
0.28679657000034
0.382153696186759
0.190680368519517
0.228528755634621
0.152671379459519
0.238078905659355
0.162077645963089
0.219989402669281
0.17949949635099
0.232324379638256
0.281045016097216
0.16132067002412
0.24799176511704
0.242607818245819
0.262899131500898
0.201039446820766
0.234382445865715
0.172001774478637
0.166898070102552
0.170227364116889
0.174944756612546
0.208840193144119
0.2204594398975
0.167701215484414
0.209283360738447
0.191314049185568
0.272287167063673
0.229253286045405
0.147461808765227
0.423299420647594
0.360666437460747
0.190325022216902
0.187568187730673
0.256763077908346
0.184661077893756
0.221067882118151
0.188387821214288
0.191559359453731
0.235999263334444
0.253101083427667
0.17926344116696
0.176006926429095
0.166505711288148
0.214957582973804
0.280146135171537
0.155656089976033
0.221808415688214
0.149041392218666
0.290101636668375
0.193946648804034
0.122882077739981
0.433119900105729
0.174944756612546
