0.920283535753321
0.77529043266304
0.916187318872332
1.02339117888604
1.28237788802339
0.873702376684623
0.879713987935279
0.520580217050657
0.643810279995517
1.22865098889508
1.11423257007147
0.873131073939024
0.898347229473368
0.895622757955883
1.06441326956176
0.632212685697402
0.832428236175379
0.594220064830005
0.552028125468262
0.809248952552991
0.767703204695413
0.781360707718945
0.933545490149909
0.822162267076655
0.726681489652113
1.1240472498115
0.790079635507422
1.04493861047234
0.961569554928574
0.638548465334457
0.640339105530012
0.949657398168705
0.906216749273221
0.876181254050707
0.810881242577993
0.738717801963604
1.22932192670946
0.767262926596133
0.730676323481828
1.02515366707129
0.984583573956079
0.553441660089479
0.892150179316633
0.78858520172771
0.72783563355861
0.882327526636035
0.920283535753321
1.13280205981915
0.707016122400889
1.11423257007147
1.03561826365543
0.873187281305942
0.710014257515001
0.943829687076061
0.849853533310718
0.694262733280276
0.793501768288515
0.680177215473147
1.01138503408932
1.0540059721577
0.750323303385481
0.798365096957025
0.796354690245333
0.632332059407015
0.77344001252172
1.03257682204398
0.609583453335465
1.03429817518015
0.770507709406608
0.752774772034467
1.10486826847608
0.901072900080624
0.788798103867417
0.931941216666661
0.850506003787616
0.920680004140979
0.726824017552467
0.916250025352609
0.705755622680077
0.722499189136756
0.790520122790464
0.833938203564745
0.922383759182334
1.04183398169529
0.760233431589994
0.836309730203325
0.563409539440472
0.980475772753677
1.15287459769863
0.662516690027402
0.523024595753513
1.08221198485598
1.0136847218398
1.0434262254091
0.648883675742995
0.891436934141839
0.709746085535391
1.07200426214938
0.967948761772495
0.745038023264988
0.808212213473458
0.623348933067142
1.07684209926467
0.618844221717901
0.829977499351493
0.504074051361279
0.995428919060428
0.744157747925135
0.687978505830127
1.93463270397754
0.705755622680077
