8.70130948702962
3.17956415851588
7.86199400752812
4.99628454911631
6.3900601560044
4.55111466014536
3.03951078741931
4.73796101159377
2.13621523209308
5.32845609132413
6.13874076856553
2.40676729962589
3.629154912431
3.13049691029021
3.75571225814567
4.17941205442622
5.3840592809217
3.75842158813099
4.16386874635312
3.27663172853803
4.14326868274007
2.26228708170438
3.20527125392252
5.19543536695543
3.57885479890734
4.12012211927781
1.64201035172201
3.27831266925673
8.21368169570675
6.25259925920898
2.5152823937516
4.52321680183197
5.13011677266415
6.5155384361533
4.05834104684211
3.07987441947135
6.00330979796493
4.60570683423971
2.83535782990328
3.38909745414234
4.02190733281172
3.11779002455627
4.23248851592477
2.78792978758332
3.11479376810055
3.60233566755203
8.70130948702962
5.87074234055523
3.48334686765078
6.13874076856553
4.09478110245654
8.42439937144172
1.81671360603036
3.68238850334869
1.88904965984113
3.02886170033345
3.62482859296662
3.68404466611803
2.84738026007462
5.11104778692836
3.5459403005565
3.67943498590861
2.32631327574482
3.59346612915887
5.48370926564006
5.31546118252912
4.69099076867975
9.73291996735412
4.51641738707751
2.88918075220466
3.11296091302823
3.54834429505507
4.00170190578668
3.14231680543557
4.3076324123792
3.18530077417818
3.03119636673303
3.982649519711
2.78927126683472
4.37920812029741
1.96106371575165
2.42834653394849
7.52622381449874
4.65715147006584
3.62074316803249
3.22262059544679
3.30109122598885
5.46008515851435
3.30127020614808
3.39156990399401
3.99477955197582
4.86867689873045
7.17033363435347
4.07171380772225
4.96494657655086
3.52015510093087
3.44914563493279
4.42620493645629
3.42382570652041
2.20618900773992
4.44659346444126
4.14952740958482
1.89034960095307
4.45913521668744
3.42362675814245
2.86629622747979
4.41604301649583
3.03891739450716
3.47788831954533
10.4992195000275
2.78927126683472
