10.8569317084334
4.25769805120753
10.5518755470649
6.66361891714852
8.6787524142283
6.16424454234135
4.37503552152505
6.1470069344486
2.79287143866128
6.4890434466967
8.2054073641561
3.61359186402952
5.37446754037956
4.31608495393317
5.18883885007328
6.14212560931179
6.93361002476953
5.9656642249164
6.40986481410545
4.19357416014936
5.97847226820489
3.02332696048486
4.07397864533756
7.45487481264272
4.67952158126201
5.32019545456256
2.1998464785163
4.58402063189332
11.0235799531692
7.68220541034769
3.56497135643105
6.07887161915019
7.26272245592935
8.54459295457461
5.89393571336716
4.17682259770434
8.42354053315572
6.27373237191625
3.93344450276456
4.3488037946497
5.7565464030498
4.49206428146122
6.36939828079329
3.88815762665352
4.25614474838309
4.93294082686538
10.8569317084334
7.80233276067599
4.5626791748539
8.2054073641561
5.73778287276259
12.4308877107888
2.55028274154184
5.80884488171073
2.46890292352458
4.34456822935598
4.82901345745699
4.84689618227508
4.17758753702967
7.2381874290764
5.1309626064309
5.61630523709387
3.28391337239452
4.78350792112406
7.68082464495126
7.21028493661249
6.72008250050865
11.7140648585327
5.94292068922446
4.16386867646162
4.10280034434995
4.41099998500327
5.34085943172659
4.11534428812763
5.84743654373201
4.00782400547537
4.2084978892861
5.2560808963254
3.77078693184816
5.58703240330604
2.83071604751388
3.38750609799633
11.3430473094649
6.60033826490676
4.64495090975001
4.37006095768235
4.45649547236059
6.52886129233078
3.93437489541356
4.7732545078299
5.86027774526462
6.71280991630601
9.56292810743984
5.17565616589715
7.30976694924737
4.97863959604338
4.4225468658549
6.07982470127545
4.50412064986339
3.01443902564456
5.39830477473727
5.37305048915213
2.39019528351448
6.08239991280122
4.79450107907958
3.56177395020861
6.04510883537716
4.23924686428462
5.32821317585236
14.5715010630127
3.77078693184816
