5.26484779586681
2.88328638943136
4.04406273146227
4.54977465797856
6.28551217776943
4.35176719911952
3.59387186811252
3.23937269907482
1.67391875918226
3.75635600546318
5.57397909972935
3.18508301584458
3.81102157058074
3.29096449563189
3.63985969075279
3.23544541882915
5.18670417919472
3.79766677928171
3.56256284375318
2.8883861782981
2.55581273055316
2.35741703102204
2.56051907325985
5.46224875721412
3.37130648066031
3.22713021242351
1.60214013409496
3.23115632142264
4.57349844213906
3.58518874268129
2.52220394369292
4.06506464170388
5.15298496933339
5.74970030052063
3.16383750175722
2.50542757142163
4.44283416624892
4.35235387125538
2.68777187706928
3.22197506804756
3.92565389550562
2.70222181973227
4.24025535059941
2.71048981806534
3.07948404097592
3.06484233438991
5.26484779586681
6.19211211381087
3.18201167163964
5.57397909972935
3.86836267074143
6.25369195232315
1.78965512913692
4.05710565278456
1.57834268087634
2.61004067959621
3.02953064246268
3.49082078002695
3.10136815393578
5.18247923789699
2.88358331552515
3.71441322393942
2.10856900234521
2.65949598776782
4.79407203892289
4.90270217478707
4.35580793760876
8.605253367616
3.87384286595919
2.58616080918329
2.89262545538373
3.4453627352481
3.69493207690781
3.00008174254474
3.32596271603504
2.74873877800886
2.81461474751091
3.45756242947928
2.81654105158752
4.34304368233364
1.98785873435075
2.08085415689851
6.5287450625347
3.73100015458371
3.0991163050157
2.82000477313681
2.8818653437709
4.35586143836039
3.02476700909197
3.21686458412298
2.38829435189944
4.00180067476774
5.32719546599672
3.68354049238619
4.20955333617774
3.75952531256871
2.90327276412652
4.33830913418393
3.01044762139451
2.38265565435287
3.61550683240432
3.46549706368196
2.38024134549018
3.89899192782334
3.46098026691003
2.58703014465813
3.95369671352417
2.85855243648511
3.58843658784561
12.2984210759383
2.81654105158752
