0.243573979276813
0.169052504522437
0.295738190878914
0.25220246439177
0.31479121305958
0.311991797562136
0.146576530571675
0.312827338071619
0.246294513107574
0.265564814974095
0.28811972431598
0.165384463652714
0.175090578503241
0.167418075782316
0.193744235659185
0.164460321983729
0.293839060532802
0.186249982037814
0.178174993917245
0.20785999048777
0.236759217342557
0.129355389811624
0.312668786883463
0.230391849800754
0.199066787055085
0.246998341619245
0.210833152707
0.200832519362912
0.339604951162792
0.438720120160205
0.159132770092125
0.24086420230539
0.261187216351616
0.204774274958035
0.291156075975821
0.309329771286781
0.497817523065517
0.174437789004013
0.151533007480255
0.215847364510399
0.265274376872725
0.153609661950379
0.19811665415721
0.158744824195371
0.219317659584956
0.205669288809581
0.243573979276813
0.289894923075808
0.217661646597148
0.28811972431598
0.269690783254895
0.268964189977259
0.166767826260591
0.245207784163945
0.196617523994959
0.295582902504582
0.216151215792369
0.181077801684013
0.26931923951375
0.381353242290629
0.220133022792661
0.228884617402956
0.168274920431403
0.351456928256679
0.197283270356997
0.236033483527658
0.19128781006027
0.275680268396646
0.317212148351816
0.168196122464445
0.281021107605224
0.25842166759581
0.278644264790394
0.21556864267185
0.2974138799408
0.216315885057283
0.174909891683205
0.207114449501163
0.175882079282993
0.219797999280488
0.213632852171583
0.197305739981465
0.244788165615097
0.26934407948376
0.325613711422466
0.249165018007844
0.172896619057655
0.492472300047258
0.389174990637306
0.202225168859488
0.292513212078371
0.289866929960027
0.27720431331892
0.24382959181905
0.21180650861202
0.186995614110605
0.280436487188008
0.253415610187529
0.219324483601419
0.168823156479593
0.210790328955374
0.259250376597288
0.233352786842048
0.182023700214687
0.221215613524447
0.156180481361261
0.321653589312822
0.196910201948253
0.117615567549597
0.360859497582971
0.175882079282993
