0.243206837000407
0.168568607512332
0.295120424879829
0.251425555311351
0.313686037699713
0.310628670375082
0.14620018038513
0.311584834909513
0.244789575242007
0.26482505684174
0.287246865283002
0.164771453173941
0.17461953380812
0.16693848802313
0.19314889333939
0.164071532470068
0.292888074665006
0.185723157128285
0.17774325144942
0.207102807892075
0.236049540838946
0.128960565311123
0.310803053945861
0.229756059117786
0.198430045081825
0.246170975849658
0.209395007449602
0.200139944027289
0.338825073923924
0.436927892295916
0.158584645078728
0.240156469060313
0.260353244676511
0.204344353008617
0.289831975277201
0.307441175385838
0.495149338422858
0.174076294063373
0.15109539235631
0.214990485354494
0.264179854731277
0.153197570638448
0.197622508912906
0.158239916431539
0.21834293699593
0.205036902812656
0.243206837000407
0.288900802856476
0.216894599332659
0.287246865283002
0.268681484942336
0.268420109313565
0.165954178903146
0.244286917447324
0.195474263409016
0.293809540627939
0.215459204805884
0.180568594320981
0.267744184538693
0.379612050658313
0.219354565142694
0.227954542081547
0.167591855896835
0.349417372299244
0.196885558948835
0.235345473175575
0.19085852906149
0.275232743475567
0.315869574030227
0.167661776949989
0.279503713959607
0.257269750698756
0.277480335489065
0.214763540826797
0.296269214795609
0.215524530357842
0.174374758650311
0.206547133723944
0.175260612328097
0.219101307351406
0.212315810395095
0.196416021595399
0.244238389132408
0.268500798683885
0.323913695551036
0.248058431848806
0.172389832784989
0.489902889910061
0.386699563001233
0.201552820349358
0.291391191521507
0.288967415942702
0.276641610495317
0.243000744199485
0.211326682236818
0.186365809335853
0.279149333517091
0.252463740419212
0.218559658594094
0.168130487626466
0.210268871496739
0.258266672259895
0.231864156147304
0.181595995897075
0.220421401497352
0.15569015637229
0.320249603951445
0.196198047914489
0.117393263734761
0.36018185887138
0.175260612328097
