6.74813411431828
4.16057814577331
6.01378234659898
6.21935832292872
8.53159452874655
6.16275615281152
4.74043791000078
4.97984631443089
2.30088341346027
5.28704163476516
7.67733715152664
4.36366685586745
5.43395444921784
4.53235042094039
5.00066408356317
5.1163700670263
6.61419456682549
5.45877447742057
5.98948150961138
4.06085573523253
3.56376071982226
2.95264928561818
3.41401326960235
7.80013114606191
4.74610715780095
4.4901371477845
2.22997048677737
4.41072764039434
6.08543099414142
5.23753738222543
3.69659168539977
5.50777538856605
7.28262723646007
8.29905851237148
5.17885130525222
3.55096295267989
7.8393023710834
5.65377808188849
3.80534178662409
4.31220627806559
5.67293017439546
4.27093096985116
5.86175816192767
3.79584714322916
4.30247358586485
4.02401988889886
6.74813411431828
8.11823480722246
4.4363873956241
7.67733715152664
5.36896802742175
10.1630335407478
2.49883366656508
5.69533722527782
2.19732514657544
4.10815243299208
4.3063057091384
5.10734448078082
4.28766815356072
7.30696025165745
4.50120426394511
5.67022626392906
3.22363840606512
4.06250122745249
6.77790617026308
6.78771834291081
6.00738236095583
12.4126551324276
5.54180337984424
3.75016174470701
3.78251920139137
4.38773097917553
4.94322029203936
3.95109370626066
4.903129273802
3.72922044508132
3.7393288153145
4.6227817717182
3.85657530784416
5.89360813135464
2.68804971556131
3.08124662268587
10.2221696825998
5.89609205583157
4.47460269539453
4.05591092181434
3.97258933367271
5.26066564352978
3.7609448642154
4.57332859488686
3.6791528898034
5.04173991590167
7.46084811320908
4.93748172597693
6.67777327627575
5.03033247108347
4.10811359082304
6.05949101420634
4.05168060775475
3.17040730067389
4.73693213321886
4.74912860823106
3.00243149355657
5.74588822273718
4.56686264462448
3.2077673085641
5.67103373643172
4.04910489414111
5.4391582773376
16.5018250865607
3.85657530784416
