0.0919990176525411
0.0568736206070363
0.190629835615681
0.178637718432715
0.366103179616578
0.230379237953405
0.28080866388569
0.0991062088920704
0.177009361738651
0.240455727768773
0.161335721798288
0.197168066545172
0.0511202939611341
0.271606247519333
0.0817714215693524
0.164375415460274
0.0742281160197505
0.0537328021206637
0.0685665116089311
0.112956571292259
0.204951447454553
0.125152338002442
0.200346433880318
0.127509406504171
0.321294443124805
0.122072522567844
0.0818071425628451
0.163137637032664
0.113089234409053
0.077764255159887
0.0723379446701116
0.0970005142043183
0.105502692037236
0.0904449932484631
0.142268288950411
0.0488053801690072
0.101228204249597
0.115931502296465
0.279093287313801
0.260337663221718
0.248750483494057
0.257242928372648
0.419688565852214
0.207629451783495
0.088824289709964
0.21347411752108
0.128792590762607
0.11476327458113
0.105083941219805
0.121833589157878
0.113505126819637
0.0618108901920262
0.126453127597882
0.0508020622227214
0.0827983105243584
0.0872634284612712
0.146413638443075
0.147464014423008
0.14147681327686
0.221148642763323
0.151181373681708
0.186905487128947
0.148800446340507
0.189498795272917
0.222160977637636
0.104741326547218
0.0933449254006286
0.105005435976366
0.108933654011243
0.095709656129514
0.121928940343711
0.0620405814912973
0.0512250675424146
0.175163148238702
0.189223536267427
0.204604866961084
0.130235136831895
0.194579783589391
0.17071816478659
0.118450170260292
0.186376269377427
0.245569118709223
0.268372530354653
0.143212520378999
0.210564872873415
0.159100859730533
0.208337219504049
0.187373846362805
0.278817048226015
0.131790287415278
0.163759439609312
0.206777512734652
0.178818977602746
0.167127911741137
0.153375976768426
0.154872551170387
0.3648589545991
0.145505132017174
0.249497311886412
0.380343451618902
0.328549884621686
0.2359838696657
0.260036822612238
0.08842748821047
0.194464034056854
0.163305705888728
0.162247017792056
0.138954753897999
0.25601595031035
0.122649014054679
0.270922991761663
0.173692979489971
0.0412836985959559
0.14236740916482
0.169614710985242
0.437599466015423
0.370237695287909
0.134252513821581
0.179281015499408
0.0505223762247497
0.148552557288241
0.149343962612322
0.217638720726043
0.169085987860555
0.194962175604567
0.220188300432281
0.223727746992425
0.10378570418187
0.196575057421056
0.105656718627788
0.296030096827709
0.222082956706745
0.384176136036128
0.641422877565982
0.268342265650072
0.184478361917147
0.172861548636895
0.270237266861509
0.299655983115443
0.380688942894036
0.274577249276746
0.19145321061606
0.221696539842861
0.135375896950932
0.366512867603633
0.370066762579299
0.482722610479284
0.0849957785625092
0.0930255002147545
0.138514267529727
0.446635185692252
0.127548722152625
0.292547520905531
0.101944038345095
0.367994748414957
0.193929405111094
0.250316489018506
0.151312170685392
0.121510679523113
0.436645655863907
0.107222369099633
0.238299293379657
0.381440665712683
0.169876880137596
0.270547412453704
0.129333817698115
0.271384978834343
0.293588971999359
0.118499060032521
0.273409982985673
0.275472031904917
0.225343585288197
0.175214425000949
0.0855872699211128
0.176914254811746
0.198622041885259
0.206057555266203
0.0966427999175965
0.460564364811527
0.0471260953191068
0.237778045322158
0.349096941936481
0.357638803271895
0.563728042450222
0.241198757658278
0.218036847281535
0.084169479159453
0.134776264581566
0.0584686890314686
0.152754947559676
0.076645646756307
0.160233942591405
0.120118031892368
0.117057979787631
0.221792236448802
0.114354188630975
0.17520779669737
0.168017678296374
0.258696151202192
0.269301635621999
0.106335612096077
0.27875849478744
0.299720084651977
0.528276698120289
0.256614451720522
0.27919941551816
0.172911170700654
0.138523921809977
0.110929601358023
0.115956739531811
0.208369389355788
0.0981943104250413
0.201957749809551
0.181273572008312
0.263700316117845
0.289283187638756
0.168281273068698
0.26030124861855
0.282773263710909
0.482084726295902
0.276832629022739
0.218256949933495
0.280940256421682
0.25934376817862
0.306046526545967
0.172334709333653
0.216523629982485
0.792823964563084
0.30324807412427
0.286041097081778
0.122922779961617
0.226726704545375
0.202864161945598
0.250600665360337
0.283088127340511
0.280019676709995
0.150705558074367
0.221023023091251
0.195971341122469
0.175482560234512
0.102097128629865
0.274044288940769
0.248796804265233
0.152097430075058
0.407030736653332
0.14811379188298
0.310361682804243
0.247012991084993
0.26318471270638
0.367371226747844
0.214057436609015
0.399765419813102
0.281923535968836
0.526844898353165
0.38940049479391
0.211035230066965
0.505721481841473
0.313983065113715
0.242882660112093
0.342139651878444
0.213965690196554
0.35440610632803
0.413222749881515
0.23242081232805
0.28689323110617
0.324452210036157
0.408237713084489
0.404697864776996
0.160329723743853
0.196888006444695
0.138311780087552
0.129510353433516
0.231548240237053
0.118583113131319
0.0618236783156787
0.15463062059687
0.132051035688356
0.148712393341485
0.0471552853013878
0.249335899202407
0.145292156541846
0.166565251008575
0.149153201032073
0.203528175437811
0.241799939657617
0.326348496573265
0.266769684194755
0.287850085610227
0.14101635171909
0.281741909516152
0.395832574620426
0.160626617396201
0.28146805710052
0.143659922450758
0.150399159793202
0.119699001728331
0.161472423850078
0.107322579823724
0.189959918859221
0.324610401311455
0.27162539463073
0.115640021761507
0.229250364970288
0.244393474234333
0.127987236873724
0.176731330438494
0.427762883632226
0.447186962123382
0.07971165149582
0.115452893358609
0.341250787867098
0.262338499829002
0.237929647995436
0.133399840461481
0.307957061749379
0.378694655218967
0.779462159399693
0.346403516300305
0.220618570368358
0.0668388211268702
0.117171984182455
0.169797206779244
0.21473244399791
0.0801480648125843
0.307499763954002
0.12968805990549
0.116072857787858
0.117629923653502
0.140330902887056
0.209554574337139
0.249039945436417
0.352546066775312
0.430718348195967
0.18680646647242
0.129218152874093
0.101685490781471
0.238182332929598
0.224176831303276
0.0948181075666829
0.163501807630449
0.126194393679339
0.268084686608208
0.227546585571623
0.141630503597171
0.0907138857338638
0.0935547384196034
0.148862971815342
0.217009329615065
0.0963678768138378
0.0483409655339754
0.0807184299857158
0.0677136961015236
0.116259226696427
0.0450431651181691
0.244500842516007
0.28149211561883
0.242886457261475
0.413748922794594
0.294575328036943
0.621115738301138
0.274038336299028
0.460845152155579
0.582603682893999
0.20033274612545
0.126775845983734
0.462028323693706
