5269.45839763043
133077.846152612
416259.349057194
137551.936673283
126128.041822839
184268.321470629
241095.079885433
443008.17844757
292671.949399578
171078.805561947
286863.737220284
191442.266834629
120837.546296802
22869.2449423749
26615.948022706
22251.750830485
57430.9875228952
1848584.53803535
14206.4728072383
25069.6688813405
29398.8730920968
21476.7024930153
797.02999094122
57.55334510519
1157.61217237019
916.0547570231
534.018431910755
120.846351093402
3869.45038793433
176.341330382228
773.465333390838
4351.50511090715
353.549019351336
201.074436036315
392.051222245088
202.318763732741
223.01756928867
95.1000639073542
79.4950882019129
212.38459777906
55.6971731700924
232.645515110815
1111.84089207067
9520.92857725995
4844.63810440905
9658.83841510547
5419.84985922115
1456.91769124379
14844.4676927419
1145620.77911579
211527.083289535
33986.4208840392
8453.94155995755
153079.556510754
60135.25
11892.1531777573
1866193.58244898
212362.705614531
117356.523907845
54298.8267828395
63182.3990675768
230985.851549988
38892.749903569
18650.120228707
44464.996325951
22647.3218648018
6994888.3796176
246620.506918
64454.841764834
1119850.10006683
950878.93207254
224917.621042395
0.14111685143737
0.101581692631182
0.0468981678581875
0.185705295025925
0.0733983697191167
0.0467754029873267
6841615.8092782
285164.75
585183.052897815
123390.26883254
7768690.5615951
438087.4556195
324381.580347484
0.66026995423974
0.056881650056933
0.133267438458565
0.246402331944836
0.16349084506661
0.028674348438205
0.698184006022893
0.083864966087602
0.074760893281098
0.248822958290292
0.347644614359353
0.44816933623726
2.656352828024
797678.925901877
831.81822473378
13155.0657771342
0.52651179367003
6096.16369247807
271172.865765205
4.44054310722047
43258.4415759543
1021151.5705204
196.372456698965
480.053179738663
196.880389469697
64.771500011576
348.052439411077
177.859363479135
174.229362722011
70.619984171869
15.6368183383505
469.802194339787
580.627459937777
239.293217487747
138.338175104446
12.5747645382282
764.2648366585
529.84365414525
203.435
175.724707847739
219.4604184675
1067.55519266484
185.741239320022
90.4421143207152
53.8243785297213
31.705722018126
276.863064550837
145.199654693584
97.0860094380268
44.7969768573815
22.8840180574388
216.560608887852
150.151943071691
223.136045680299
62.2468378093745
20.4114416755065
582.200770724755
4066.48881731684
447.581408389103
468.740050974528
15.77
8086.45193976361
5624.3395695438
332.744317855345
335.62
169.175798934592
2262.13770032607
52.9996645116595
65.1552183242787
13.3921531740626
22.1366494576184
133.2025
98678.4161173275
49411.278776756
33546.5075988663
104196.386589047
35563.1092606075
22062.8071962504
23138.2620263069
28049.6045725698
185454.559859529
35355.1560349318
7195.07968545925
37628.0186376783
4670.23631249568
35698.2100249825
6207.911726625
18217.6953126132
5747.31650414101
191765.671956782
126701.585562544
127690.663695052
10996.193763175
15983.1115540825
20256.547068145
4134.87312938417
41516.1844151755
17228.8132011866
35802.5420258532
30299.9084254265
4024.33851755107
7979.56000239251
5262.12804707623
9812.1095952355
4485.2686292267
28870.747782637
5275.32414055075
125452.097436143
80990.312350844
3550.29792893265
4011.641700918
6313.0914026388
1900.94054183938
3404.3781318184
2560.45370357352
2219.25146574497
3649.28061818223
1893.91765914157
11745.6080809156
34274.5529145617
3831.80379494855
22850.489788194
3796.5058134942
6061.99054198535
8752.29642529153
117578.853555437
14157.6259420955
3435.96327568713
2204.84277451865
6149.607018202
2985.1487320433
1023.61906523331
372.620088396935
609.982438652125
935.7442247372
3691.81630720297
4671.77338812622
9133.07677232638
764.063479534225
2407.97030488495
2975.79153186585
18871.4498323216
4989.9252254769
24980.5934182483
23714.078108611
87017.9655262658
18730.5036407853
71133.1310290148
10098.406117865
13045.1768948096
18918.7810794155
15691.2415676918
49611.4857234469
20993.4853703355
22791.1023324759
34719.6085428085
4159.4130097838
95348.4469576012
4093.85265978345
53544.0624715693
9752.7837497582
403250.85764635
9826.83142539755
95959.6918957949
2681.03035656915
807.39273739265
396745.484253692
5196.2213172318
56346.6517604099
15514.7410113244
4463.50545984794
111165.075239499
3285.25445901887
536855.324187497
5024.00196621256
32525.969579684
18737.3070063238
100260.984487754
4025.6618730041
2948.93950529099
6329.8392507564
112135.292687002
8392.5596262209
202144.806555687
5858.08192855731
8798.92231736435
38600.0886001252
2159.38790495413
4892.21305157417
11539.8058542644
24293.0705595711
97140.98918847
7253.58427285682
9915.18344532361
10591.1031544732
6610.604233439
5452.17738686312
21521.4617171668
64314.2115988158
8791.29289114566
320768.88201344
354398.269239856
28292.6584651371
62149.812175553
192264.360798614
50014.5512635732
6323.13971953308
369068.825685719
94734.5199650943
36425.1558351415
40359.512207976
13522.0259002518
9797.2023106374
1661.4327999909
230520.182664931
51016.0490049188
6162.1881969321
5139.09076415828
12692.1402115089
26711.3542714836
77824.5484889745
2901.74035637872
4961.63620634916
37340.8020974874
4624.65931387133
3527.79194012345
84040.5208632635
40705.493354483
144429.900477748
4189.68394214845
30995.4540201581
8973.3273363717
40966.4536279636
14513.2863715287
1767974.27885381
4896.12774207963
10775.0493123059
4752.86768699661
552.170789387104
4302.76924942574
24619.9967567071
83305.733490757
33782.3045901038
16156.3857912525
14223.1003199073
53439.5907241222
16133.4803340565
1767.23592683355
634.138750566301
3325.3732951059
18312.295991544
1306.787489698
1327.7466991074
146.17089344798
365.34412497338
3493.51280314922
1534.60679546505
440.1586324252
210.730624691906
1035.41910635843
3604.83871051385
430.859541558743
107.741670529498
60.60190334323
134.023897949592
354.7348154041
17170.41237402
875.813217283825
1014.4282230481
5909.5688821107
18183.138042814
34697.5442184127
3293.93013333563
595.43554258259
1463.37917528993
35862.1188790828
17690.3486936559
1951.10478281816
587.552004745633
678.25
17434.2974173001
4827.03015653745
523.597323403025
355.238129051495
678.080485704768
7128.19084324783
34099.7887378851
16868.2463431848
1969.23960146286
6415.33494865573
121407.55711841
13924.0541130202
4171.04217573567
7760.3226073048
25376.2813775318
54132.607354927
151006.102353793
37818.6942296435
3895.97440635882
34829.3396245169
217496.821648479
6621.37490645507
956.956433365177
744.302244844065
697.545531786782
8012.95710064887
5311.01103781473
880.012783741403
111.894698313677
250.197024919795
3199.19870558177
13479.0312110048
836.107356867753
176.460246745387
3432.3702934979
19464.6736549762
1143.13363433195
160.260609184735
149.320407014355
103.154162624455
1050.00371840407
7234.2123775967
1315.64659002975
132.809959229352
2485.74127400158
8502.4465576286
415.396651146898
190.417702128802
204.139945578993
2116.82584617624
423.626866233575
18499.5774873136
745.363387303224
754.903987937575
8478.64204422737
31832.214923494
87505.9688354195
21960.1096848175
2862.50027044748
45655.9021661798
139735.113259227
16367.2961710755
5030.35606652872
930.512626436017
3072.18941182521
13018.3850019137
1853.2807002482
124.502747300282
234.517112373075
223.18416395199
1604.67542512145
3061.24465093995
316.125659802118
404.261539108665
81.7173168416978
2808.5108740595
24679.6636712948
7244.86399403275
1040.8305477882
380.57025713155
17645.0947449037
7295.94500993538
1508.77177736952
176.25
1800.50071067803
3759.428427076
5256.66707402487
622.17449456724
93.06561924864
198.75
6388.23793007695
1251.46407233808
212.72845900472
265.178535225238
58.25
2176.16823714983
3150.4392052096
434.374655869913
304.368616987288
195.995074486182
3699.7719018392
1792.76932219177
602.901414512685
210.75
586.10643563904
1385.11651931715
3328.88651880598
857.172787400124
2050.43037456145
1877.12586894115
6109.813077048
25839.608924452
5151.1190046715
1410.22300846627
5145.7542248971
17224.447652065
695.48303958565
297.113251928973
202.60635541564
196.5
1133.2223934205
1959.83202291012
5969.30194725538
1280.86764508764
785.72962709805
1612.1254956303
4937.1610224082
1705.97221151187
1448.4772266851
11094.1900465099
16455.632456526
11429.4393538277
6325.68231035032
4031.19930908908
11673.0779003737
29890.0152809115
112717.098973105
24017.8384118085
16206.8889575935
3837.69296213199
126285.691040748
156.831854465395
105.775496641202
152.34920794989
105.5
59.95000695856
155.604410115275
300.10473132091
113.274407824153
173.62075819608
215.325634849535
219.216084917865
212.75
