3432.80519324709
120991.537063273
46574.7754488481
13054.1884669591
48159.769913903
27792.5709451678
9342.22518407732
20177.7902601838
31979.6880694836
29818.5566336562
39480.0823531384
13157.5398369378
24498.9377537126
1338472.39850171
2248.21695010399
6709.99076782599
4084.91565020553
1247.18252651262
53.8732486385356
23.4044041081153
87.5044376210215
155.800850767224
98.7765196578059
122.868048451931
155.174424755595
87.0597080654315
46.855257089756
605.132832238149
120.768260963252
146.783490988473
21.6645320603711
30.4972798845893
69.5542109787266
16.8333527179375
12.6245012604327
59.2793086374133
21.4689307464376
109.717773883664
50.9276814871772
2513.24944819453
1402.70808554731
1167.70684156258
997.05320397271
913.252946421198
3676.37511127597
119287.593170379
11055.1572301274
4092.0005961186
1875.12023755048
194099.578539721
8346.43153738017
5176.65906502786
241556.901127485
19014.5217540943
23055.2495063878
57400.9071578521
29344.3006790547
5496.46899754017
22472.9618186168
6575.56589548073
18802.9661275847
11928.4101629119
590442.251048024
111573.950327255
6269.68695629682
14363.4835789977
20393.2249098423
2568.84121284995
10790.2273517755
5832.4279633007
2532.15468260953
5924.7094029955
2164.16230592327
12026.820115481
11622.1586211565
7992.29454690444
6811.76960716466
2819.89887088307
15817.2598618311
2887.42240638926
5388.13420405418
11717.0352932189
33845.393021903
7212.3415900299
27270.7672386986
2372.93243526968
9067.45729798347
4898.70301540696
1730.72730415964
5506.75821579235
1008.57835823077
10518.5594483708
7565.66297592157
1157.48645158229
2948.43731205753
1974.96111338027
15341.58031912
3406.62460173235
1806.43315904761
5572.96374565357
28554.3676168603
4182.68765795879
1607.87157415293
749.707170646143
1437.03704482198
1106.02387767769
415.3939756708
622.127021294937
445.346432396792
1086.66986787551
1635.64985395568
3022.4003479737
3092.38406352576
600.267291986452
5531.53991293295
406.735278959867
2448.80994123636
2331.23187946698
16984.7127494146
1852.09460040352
1791.96177709713
811.793834884676
1980.06909203541
421.484519747331
497.572938980464
266.927177455087
281.054636759731
395.357331369273
3136.37757768076
2752.0501965779
2988.9502312285
561.299198466452
2064.23505773917
714.539004007086
1453.67089657105
3156.96770209583
16128.6348772477
4611.59989475235
3047.09512749321
719.82646368427
8950.96390056182
1156.10057024384
676.770979256743
602.867170423144
666.229746506716
1258.04183968272
2557.20963367418
5155.04844597201
2999.65462268626
688.656106417978
1970.09310639295
1234.40970066001
3009.32738551454
2348.82222549322
27567.9095008699
602.499023954892
5381.88907552917
675.272316211142
671.348481053469
15991.5323569508
759.667426352645
1939.96528971661
1965.93050838353
842.582330840821
1576.48225372383
755.755927567268
19856.7229116699
433.169798264795
3736.56272669224
4878.42244418495
1539.59491251473
1470.60789117055
539.460912797581
502.848866909752
6875.16055044633
1253.03781193068
42487.9033126869
2174.25001609859
4157.7905464713
5855.14907266109
1049.72521068043
1826.13081262267
1894.20793414454
3175.16716449931
15048.7000906004
725.942194968701
1015.19315443811
2185.99117715861
2224.13217389446
1067.62211244591
2807.35066810503
4826.15550614208
1673.16644248743
1266.3315098457
33487.9056867671
3373.02850814316
6019.36594113139
7817.11984616454
30140.6570776421
3052.95165738684
1499.76095259266
28123.5078977402
9820.47966432538
6055.77678177704
5522.19747692258
729.857347244285
1105.89719820955
426.275418835773
9012.68517619762
1845.20733232778
324.933724700597
1218.7685845695
1604.30967413339
1144.53487566843
4725.6145873041
429.764115475692
396.902517521884
3238.94774559377
845.696862031783
496.150636274941
11689.5699823683
447.959018423623
15029.7963877764
430.921429323253
2636.73135523343
1324.82673529311
2831.42487142718
1882.03513013685
81495.617891963
304.740739778399
1453.43089442698
515.197926658423
88.050866000145
223.454040541756
2054.85432247708
7463.70010333158
5092.88558852893
2124.8289298892
2267.50490343537
12229.4394957968
3393.1454558933
1719.12840432311
524.973525086436
973.550991746212
4965.86518579889
1545.49269860965
497.872443288618
118.042226604141
180.039116214508
1805.77206991616
678.499734967065
154.277339798718
102.955895157846
525.412057613559
1273.56525343238
140.063023763875
59.0609206696614
40.6246123522561
57.6760987974705
172.934658404515
5441.15479667668
1670.18553085103
555.521098723609
1634.05803658914
6372.59339191239
4481.89356513678
669.944033374816
336.991764926832
851.221364537702
7751.66660353481
794.925205239149
189.272042024488
83.2710216422344
240.119869603511
654.63587101017
619.812472072407
426.952684052248
154.946088917952
146.368485433942
494.660198694389
10073.7214700228
2149.98788826403
228.068522237555
708.66798462413
13270.9165192862
5021.66775107831
447.05425986391
1902.73736047584
408.699926752933
7331.88160543458
11869.490341811
2682.96651947155
1676.43405517464
1076.71921172406
15423.1345416872
658.312058052818
222.375972176772
202.639125633138
240.083983705428
926.991960908619
1020.79672782635
405.417598946322
47.1359531843428
162.409249093842
1163.83115710295
770.89033885129
131.037477554045
166.866056814821
236.18157402458
882.053954653007
242.951546130848
127.57947350843
74.053746889633
136.711134577335
135.252457160981
660.918764291857
358.025770996197
69.1097924284386
478.809960564721
1177.07254849057
200.042850651078
420.683402586844
77.7721802842143
301.662894195001
500.856855734486
2670.43250892597
469.390536200723
297.742809843732
967.223901979771
2638.95083174273
8415.1309938947
2593.58439163337
1727.63870688534
1231.20613467524
12221.1578666117
12828.2582873305
3147.11606523515
556.074764451461
416.087932175009
16866.7760891778
1052.67750325072
275.478415653382
72.628507014768
125.449714318108
965.347549784473
1246.77087613177
298.662546884867
55.2812062744299
113.847241256858
1552.05158871197
17055.7651554215
3387.94180074085
478.762510620483
512.698155179661
21332.2600198323
1237.07378160544
469.809165318631
256.556545168933
349.403736318117
2128.12692939943
964.20165195362
252.215717094288
77.8549608013111
73.1202215629475
555.065328794865
474.654248976953
149.534795324505
98.4633601086435
33.9251078733797
170.310549164822
715.820560384152
421.661750637648
223.353182218356
275.475741657411
1579.71761866218
848.855988699313
242.385173519229
142.446317777242
193.444819531529
647.93288673684
2835.40202645126
789.551249539917
420.662975597532
609.912382872198
4209.20380945106
18813.8178747505
3815.12757341206
716.750392119882
304.652381054183
23667.5000309132
242.663061375559
635.074413521283
82.4220329843971
232.661831606509
1145.81162689461
526.904073470292
624.007734767412
418.402981418
1095.31472512166
1242.2060402086
507.197356925425
544.264834804826
355.043107181998
987.203668284603
2120.18044663717
820.64611039097
1442.73475916542
322.489035910445
2129.32878487708
4368.38757449539
15119.5589474758
9373.86406110206
3343.44077957415
2726.08115498153
34372.153475524
202040.005259075
30102.4443192314
73895.0236834545
4992.10962477748
45341.5492713528
55103.9850394693
18623.6579653233
23709.5057532237
12043.2425749673
4902.97654176343
6081.63510656443
4505.13108709992
