1.50092865110858
0.706158195183234
1.84641365146831
2.09356839438799
4.03233952584532
2.14841257978006
1.50593912772411
0.369103562348721
1.5568861987006
1.75214673512257
1.64299209356106
1.41083661646791
0.392173921829869
5.88023838248549
0.777585554125297
2.14938047162988
0.715690573779849
0.641103145949194
1.10651713181308
1.1175411761182
1.82075462867879
1.5964514956117
1.98290981776166
0.775327088085525
2.29387169452228
0.909093074080449
0.804859828729795
3.20084185170376
2.50168435651309
0.979738260327648
1.0622927223699
1.8778544456476
1.48148908001895
1.67993101229202
2.27234452159999
1.02140244907418
1.1054123325241
0.860675895172391
1.35610686148806
1.66785902697932
1.36498914534718
0.870422088302475
2.6294419963117
0.817983096001376
0.746184794030698
3.3894205013169
1.53584776758102
0.901168327564248
1.13277602245376
2.30878648268834
1.21476025895723
1.1474150452046
1.75616331358933
0.75604897562559
1.06890103445331
0.873366006967648
1.38441160180259
1.73427306377325
1.3474158729375
1.58070646384306
0.886928872974879
2.00712625899926
1.76069908168166
3.64628720875988
3.49707948496184
0.985853017329388
1.01018199950133
1.24675480728092
0.820444020001952
1.38517751500294
1.72718449676913
1.14112392590532
0.850483623643365
1.24036766469058
1.54874961363931
2.91348147947405
1.14376294980549
1.11653090952287
0.809573412581334
0.790341699349879
1.19487589214769
4.3347990570699
3.74775621358332
1.39416235359688
1.70230954162885
1.51610479615677
1.7495268115486
1.57582183712814
3.13491382641469
2.31301209677974
1.49058234708487
0.531849195872777
1.16927195005395
1.02340938239021
1.28469866160957
1.03578188547853
1.43725982800837
1.31182259663118
3.02561728230331
4.71816137618243
4.54256568261525
1.58959529692202
1.60746016423397
0.40239777784235
1.38319465309037
1.16665777708543
1.43591391007516
1.40382755252289
0.756739012365853
1.07503882364955
0.881478560011523
0.650433777179539
0.680098252744081
0.498250554365894
1.20717329619207
2.78716179152878
1.60307024035836
0.812763069206429
0.771263720098209
0.928275448199479
0.793336362872389
1.51871626484424
2.3305818068358
1.09687059742368
1.01933665134768
0.906383197577725
1.25094212921959
1.32121871513481
1.28003374520093
1.82617230112341
1.83629916243322
2.42584453665487
1.27297789120611
2.21162957839836
1.69660044493579
1.62291078908525
2.31408288422732
1.37572955316395
1.23040511996262
1.47274186977113
1.46303707501527
2.06915856934011
1.96163987735886
1.33311128226099
2.42159129868348
0.786823195623324
2.4771956679731
0.828118689335846
0.924681283028863
1.44940391438082
5.16477591794546
1.24034229710953
1.63892525769797
1.18315327726545
3.81277852053703
1.5004424958889
3.35002371098367
1.27632268845272
0.797532631314747
1.30680297696966
1.58146922221022
2.86116309369561
1.87405772983899
1.06333188747507
1.62572828476891
1.90977602608358
0.931034270041495
1.55768258329026
1.09083857624213
1.2450064029184
1.09005833373667
2.11944875090982
1.20363426703138
1.02332836457583
0.657150039951584
1.75121314219681
1.23376391933555
1.13623931656767
1.1892748554818
0.862985361826857
0.869997730623882
3.90673709839679
3.54768802364185
1.36762042283385
1.782224914894
2.51923853120485
1.21397065004106
2.70670747474815
1.28476076436297
1.86623520666661
1.68403695768382
1.49392375376387
1.77843151703396
1.16069609207491
1.56879481090727
1.37883255241834
1.62011269015023
1.84218470113736
1.02083276633445
0.8814061429866
1.38547984643711
2.23769500079507
2.23332131061436
3.46611850229027
2.83442037986338
1.23641756440891
1.08213691252238
1.4632318483258
1.85289361490234
1.24312094506734
1.8184759017779
1.39898461297001
1.65707265179365
1.78257856853234
1.58722099233906
1.89039553559979
1.61135297778038
0.746249468018795
1.65426344099944
1.10815548517255
1.37269175495847
1.10378652434277
1.04438232241794
1.39837277273166
1.19707239582098
0.847512360937084
1.18237045399174
4.99466259468983
1.57723154307112
2.66217420887878
0.845117225449572
4.60922839797453
3.12649898078768
3.20145819187579
2.10898369062707
4.95567247239693
0.756004781033517
2.00227262738772
2.27234588467124
1.28648937489781
0.680475209408027
1.18502947435644
1.91272696248214
1.23153041133976
1.54489700316179
1.22973607423943
1.42092985459775
1.57002879913267
1.10113709189332
1.59377144826061
1.58833793138405
1.05413873982208
1.99158319738437
2.34031305549621
1.82269596372284
0.931142217907151
0.895979530189407
1.4279488036533
0.998787214433453
4.43483591027688
2.46069644992485
1.70937281911473
3.14026934346137
3.87425008252886
1.46006649391301
2.91638227513036
1.25573232071972
2.56533840277189
2.00886031274618
1.16544218020526
2.10537761746461
1.3294369338189
2.02744990885053
1.28146210712677
0.578200127589882
2.34549327374004
1.97296550966869
1.57152614814113
0.553225245951788
3.8209434508759
1.95970202531706
1.45589457200389
1.06501777952106
3.36599928880544
3.20597856516052
2.31686188141054
0.822933147118719
1.17578221611028
2.45942255391437
5.09704882443437
4.52886674623774
2.86295173764088
5.11240892792579
1.86279400403591
1.40815899210141
0.862797889206745
2.71164174905059
1.03340227869238
1.37385175291603
1.56055490567606
1.98939407629151
1.19961776187047
3.41242981924657
1.5370134515636
2.56591942372255
1.14828559527249
2.04078800953229
2.1783895338152
0.980822438940509
1.84889940761398
3.66159422417466
1.57413875891446
1.53840809993089
2.4212819212007
3.2411997759513
3.18426757456881
1.13538939730677
1.15769421790239
1.90907030486611
1.13873700255862
1.58521292807704
1.11150636394345
2.05082561165865
1.50471378456048
6.68940805665412
2.09304690399535
1.16853892794506
1.25412263475878
2.92981129179482
0.878808741632062
3.67218490037793
1.50849631664418
1.99939896861253
2.28257688299245
1.38010615412626
1.44844248898117
1.51768538938376
2.17536237811498
1.66295078439371
0.79581594541734
1.25768389404782
1.49139905393505
0.570463835144405
0.817156118472746
0.886629649599004
1.55554034513592
1.32074977436036
1.04367097774123
1.29555865111416
0.892098829556622
2.03993724344048
1.52419550455531
1.46830409636699
1.0500091065111
1.91498568811977
1.45544929890133
1.89939283091464
4.54316506054382
2.01703268917405
5.63334234884189
2.04105554074804
4.20395351022797
2.49459110313669
0.944697907877391
0.517910337214562
1.28137210309259
