3.49576981487925
1.56635304046325
7.27661679834643
9.92762928759406
7.98703372823774
7.02607127447933
11.5900323312304
2.38823531957415
8.39839274306578
6.79068287942948
11.134314528331
7.38247211301208
1.03068209126608
2.30777690700435
1.44125687200993
3.78454123339355
3.25347873014676
4.78582851400701
1.78012465153461
3.11769752836855
3.11517035167044
8.12441282099634
7.64610505507694
0.851884918667703
3.64855071977492
3.36636321116823
2.19543838147819
0.922491229720629
4.33931098095178
1.40086852861636
4.19384766362189
4.34959129073922
1.01682202862046
0.470533001645043
2.90666683159169
2.71933822221426
0.596878196361926
2.45344145215533
0.936285391048891
2.73128340765252
0.661486617222
1.35259020413264
2.90153581875036
4.99988170084344
1.93383880731765
14.8379163470095
5.71871487118481
3.27301298091495
6.87437597014183
3.56061507489026
2.1415909861147
1.32455911780448
2.77816022344974
1.13448428056918
9.31920086783584
1.43587465169227
10.4241095318145
4.59677679593544
2.68560384471607
1.15202653712997
3.28966838728552
9.24232228771443
1.6900889701602
1.83217036900626
3.54055907840756
1.94023929147633
2.56379304467221
1.07928871517938
2.74453295144826
2.26386133570098
6.99217672683193
1.06503574405344
0.995621140752235
1.39184780951609
0.48769705299038
2.43335175836547
1.22288155033586
0.287046375948207
2.76307513740052
0.916791380066967
2.09292438345813
2.49638061340558
1.97677300431425
3.3029634456012
2.60594549494876
2.00654378678473
0.594892627403866
1.41491640035636
5.04664274336582
4.56094418412024
0.355309295724482
1.43096150646457
0.934862603856223
1.39122388055079
2.09645462487871
2.91485143398004
1.41276207653435
2.85105620824543
1.28176654551762
7.52996250551093
3.30334705112866
1.815557909207
2.93749967111973
3.72960499318103
0.982743146679941
16.382005817476
13.6581425024369
0.910128126075497
1.36289236105921
1.90567016317348
2.25236872828521
0.706300534777113
2.32961644128616
1.4741830827871
1.93898141178657
1.56700018717259
2.52426951957888
5.622037135371
2.61339511193808
5.72006853328692
1.5486163224419
3.80640085288985
0.459712603540844
0.314624358860058
1.00265153399372
2.1599934658458
0.551984815470722
1.28445485878176
1.1227907311042
1.73927357487362
1.84758946391575
1.0459317813333
0.796600507894033
1.27608449214187
1.92689794690422
2.45412759889263
0.773211452863892
1.79034405205593
2.08485637308052
1.61477788371996
2.17224557708533
2.64435912363896
3.80444533628087
1.2450475417119
2.13807412055492
0.356100152752872
4.73451533963024
3.36824673738392
1.19382890291573
0.83173076923077
0.963129283502959
1.2827813125331
0.91903495282211
0.619932004361502
0.46050001812145
3.6181428783724
0.480862176240622
2.21657561139324
1.32786488985498
5.03426952928217
9.4588315678665
4.09625847888914
2.42475076340811
2.33746648870968
4.71542269399214
7.79692884521308
3.63462522496857
1.22251894562947
1.5735454972637
1.00255846213426
1.47529972888654
1.01765955264792
0.801867265970732
0.359664013935601
0.882906432970562
4.31651165427452
2.87688187811954
2.20833306973125
1.53335275680191
2.55336577532596
0.524143545216197
4.88943403782541
3.51481273403968
1.91768823604874
7.93890366766768
1.83977406616636
0.452556585717838
1.925467650783
0.689222041599796
0.779455194816483
2.3917805195777
0.762315056141278
0.801032464968697
6.05928358498998
2.68398180256755
2.15727108650964
4.37015861231722
1.21883574027938
2.9028455835047
3.01245956888697
3.61388099529159
2.67729928302294
1.95947086630524
6.5413608531034
6.22674520525165
2.69879893356602
2.60063617916053
2.8381232082936
1.39533984728366
2.35879165214702
2.92643539937959
2.38601315105908
1.32874882780708
1.70114824435051
2.99661899531417
3.20482491240253
1.06925689355362
0.617617866701768
0.774178703723708
0.576939996194675
1.7639256978709
3.44618476860169
1.64108341493662
0.946954906751899
0.885860549279592
3.40161143619706
4.83714198195356
1.98949518767089
0.845003006244752
2.64150132092576
8.96315397419223
10.6453558629072
19.0089264951331
6.14649148133988
6.18868097825959
12.6374125928994
11.1106312999427
15.6781872833232
6.11649686329468
12.1871627853403
6.32410220102323
4.02193592718194
21.5485570343643
3.73526702534986
10.5085763486166
2.22375518204382
8.21698658481933
4.83286791412994
4.20414860441599
2.53325702982912
0.269880580744061
5.76106705111847
1.28038307611461
13.3893033886122
13.1110487419643
5.63811215980792
21.9766211346621
2.21477828697901
5.78507892443424
3.01440117972754
4.75989798727083
3.5353409445894
28.5779528231126
1.31988913868987
1.90254161631677
2.92146426957988
2.86974517433146
4.39784783906772
3.38648286844652
2.59207164980412
1.60955896049348
4.30084552647634
2.07301238875596
2.25794448534192
3.64414921713613
4.10009629697403
3.92753325559852
3.88584871760187
7.67627105444408
3.4724928375322
2.31274783677166
3.67938351260702
8.22476243968158
6.24409821347726
5.64147137399722
7.48294437045351
23.1129306025993
3.36483549634931
3.41795484008541
9.80940616319457
4.43260424787946
3.49666712600908
3.54987648944263
4.72295072530591
1.88243699406416
4.90693157543781
4.03642564186621
1.85436005879572
3.88845974465955
4.9247680113569
8.57412588317963
7.11021715030627
4.89437215634122
4.70079267092922
20.4163217361658
7.9009693897436
2.26109638159381
5.56445182020467
3.93751867460324
5.72122801716041
4.31974523280422
1.65624281550199
21.6135362944157
2.33894575672466
2.45249791735519
4.57497476312297
3.15776915062934
4.31225827662775
2.52771315614433
4.72488783266797
5.17275783499456
9.61348904856809
14.9829984650386
4.61144813213631
6.69351996867041
8.74451673056186
5.92955981660801
3.95693172358463
3.45954417285584
4.09935946126684
2.18209438701567
1.49605715263877
1.28102768996172
0.540466141574347
1.84092130076321
1.4418975881217
0.733944111035102
2.9047759924784
0.557904173465573
0.60715899300607
1.44503885666202
2.86550241896378
4.93300555952848
2.57273792631628
3.22926287778361
4.16678671945068
1.54960109764465
1.68466009356713
1.26975416528672
1.24253087016057
0.938339057218973
1.39346580874129
0.480687825073449
0.792043897755553
2.51126142833701
1.20306590199907
4.34707273806993
6.07481456395203
1.35972409557992
1.8813897765532
4.0608725086333
4.60795253682725
4.90227332366372
3.48507525058073
1.16039349871685
3.9354265578441
3.90636981584785
1.28993741487867
2.16069638903315
1.78207749199676
4.05063150074783
2.73101203965661
13.4754863847658
7.44641994365469
5.84177851284876
8.1129147832631
9.4295755244242
8.58721016902347
9.16261994100282
27.215823638946
14.7833531344918
6.35776230313825
13.3609210086742
2.74672126069201
10.9296571203927
7.04596669758966
3.85544419294422
4.30796839247676
3.61710832484414
2.5525618262324
4.05616659106498
4.54532960522539
2.35240355313619
1.10687201569285
1.0168731845992
1.96439676024447
5.41553932176899
4.35885351921577
1.59824019283595
6.64427157562285
6.11843033061589
1.24691060316838
1.39688328132495
2.15130907289837
0.580407053129926
0.970591672474353
16.9473615490499
3.98296752176338
1.44430010036864
13.5128015883456
9.09440997023674
1.43555236023119
1.08810115502173
2.12645776644784
8.63049826091129
0.71635596134809
3.39481427957309
0.714945697622555
1.71215337470378
7.45911644631512
4.34464342056138
3.0611087841934
6.01781735714089
1.62336003788943
11.2445407569572
3.69298803114115
2.90155856021129
1.42517685911029
1.689606947969
5.10561769603827
1.40969975459648
1.85682554902361
0.541209334243472
1.39480304736622
0.706278999848069
1.28570396069167
6.68062516820543
1.93780008794834
5.54819330030607
1.64934033992418
4.57446059297468
3.6270347956424
1.91093189944275
1.58663193260396
0.459272937843889
1.62015377329022
2.31143674172084
5.16300810423542
0.842934782608696
5.1071448729908
1.11367973332892
6.76692075064642
2.26058445590079
0.967143893939575
2.23657289002558
6.33839509591363
1.84075747753143
1.17059182043618
3.48502256568414
0.478171641791045
2.61916413465158
2.82596683171374
1.60258970805603
1.1818054312955
0.559404727386613
2.27353933802024
5.91761816777478
4.21475408938007
0.462632209139892
2.15228535871455
1.84492119785538
0.700496455348084
0.995239672936602
2.70116576289532
2.47864888762411
0.999159197608367
2.46537629276329
1.14701030468394
1.10456088672237
3.57694059678777
1.06855329217863
1.02516762953999
0.797327585074091
2.2000690124107
1.20451379214266
0.932274798266808
1.21728697075163
3.5236019007142
4.32062069793441
0.763315896677431
0.431458612976163
2.55721112402544
0.979676028537229
2.56718754427392
3.07465396466729
2.48468733472136
3.31061283158059
1.91418407784803
5.20857372408291
2.76360197802768
3.29307180363197
2.28932917284824
1.24040152836318
1.93044660267277
0.349470368087122
1.64065792185556
0.765780539381812
0.636179811394561
1.03780114407282
0.669699534490055
0.360854777037881
0.733060977301861
1.96833011360457
0.446196459391357
1.02612741250638
0.706912786768007
1.50905978603395
0.891659681475272
