0.128185620183542
0.0892371175122394
0.44230005266263
0.520659478052458
0.877047963119312
0.443590115452581
0.570114421310032
0.431155017621234
0.523524300085695
0.474908907699069
0.675034878980364
0.69401183314907
0.0547859628839834
0.234196576927964
0.125764338377878
0.152482313131856
0.194080159915474
0.162193119265129
0.156847048118647
0.153178652698632
0.23062761123309
0.609941625568271
0.330724999302604
0.0270507194729891
0.117164660853314
0.0987314700658341
0.0649204815770665
0.029433022719067
0.198668367476675
0.0554250908266155
0.23814036483521
0.190188475430185
0.0361888648699926
0.0184839207327981
0.108778218816379
0.193865843794561
0.0375424671377021
0.122604173802603
0.0765476884397466
0.144433193935595
0.0262777786523628
0.0817468581350462
0.132068097527519
0.170733320523314
0.1506582784578
0.73049260292927
0.389293751775587
0.209076907723352
0.35090078881842
0.271878998659764
0.791532374379212
0.561965802692195
0.186140434992956
0.114192591964817
0.458443859887145
0.13970515685398
0.844545928782494
0.340951709883516
0.194824180156252
0.0827178053333847
0.186589435392965
0.656567191682686
0.079716539160106
0.090192088362695
0.22205400513111
0.111884357013404
0.111931579593842
0.0598342811786337
0.232467239124728
0.128780309038269
0.299622878060585
0.0667442616368141
0.0864233030902174
0.0617183129997246
0.0297290197841242
0.10730097998304
0.0676696784154907
0.0613187010064047
0.245570394134075
0.0439929631763147
0.112216006639282
0.131198301969512
0.364256610946391
0.229045710474323
0.382424154513744
0.125031533845146
0.0897616758826392
0.144311978184832
0.535053545508503
0.236438267616366
0.0501167060636273
0.121414064967546
0.121840743836821
0.14628994921136
0.16456487006461
0.196034677213399
0.0901301439856708
0.111310643670684
0.0797445416938172
0.490723545179047
0.204745823574371
0.190380782557437
0.186615045902785
0.149365100996283
0.0538567550388904
0.483782458187447
0.423463634910983
0.181262752906735
0.24586417981685
0.288400858225128
1.11821647122414
0.085154972245889
0.378039643292492
0.239099924186059
0.243762178574066
0.671537811224473
0.268596047004109
0.821926880734727
0.360099485278482
0.49479626179692
0.589468225238362
0.468243494217531
0.331798804594929
0.194029338075829
0.306855725513799
1.36973706497036
0.286695257676496
0.350518586919429
0.23066878843639
0.271886800981223
0.982238662018307
0.207466303546126
0.229062246213626
0.371289620880436
0.283565270212634
0.729519877825367
0.191388340640675
0.264432263745381
0.422968119965361
0.249083359238764
1.06157217895837
0.388443891371419
1.96391963992082
1.08712445963392
1.76077854442777
0.89121069956467
1.9999665126833
0.261645000997759
0.0794289836131491
0.075584307687168
0.385584606557359
0.061232574125535
0.35057793061883
0.254106840739247
0.152018339587279
1.30564579332502
0.230605057715491
0.09952953243093
0.0722462078201895
0.207395345668374
0.33138961056968
0.196844955440759
0.223655042110485
0.270204174435685
0.30540023337837
0.514791729999027
0.134324745817736
0.0498648233987561
0.082117597649823
0.0471007563861216
0.0487966882919655
0.0414336722017104
0.0410967306616921
0.0185332590969096
0.0363380000049296
0.321659539805519
0.271489092052121
0.152176064040699
0.125312028205664
0.211614388456203
0.111684494156717
0.890966952954388
0.433535945623999
0.195523489777089
0.237146750152223
0.0998570531825631
0.0436318041848957
0.115798228151714
0.0276328905960879
0.0491215073624063
0.127896899523162
0.0428503822352505
0.0456067920122734
0.355059038419409
0.102065146291314
0.114257945079335
0.167948476479131
0.0641262232646653
0.203859917817261
0.219168825714435
0.172255203845884
0.177636542619072
0.0634522584309057
0.365586729337689
0.31542281905335
0.126130552242456
0.099828376576223
0.221396777224597
0.0704014282758259
0.132788236115163
0.117230301757012
0.0772372345323187
0.087722337427148
0.118855722894349
0.134947523459445
0.174896715216495
0.105951893031957
0.0704412487938547
0.0447475380172584
0.0605050762137128
0.0665071584370643
0.15973002521044
0.0942161172504525
0.0634171518964031
0.0496086405292181
0.222423977370343
0.328360960293253
0.114279634399628
0.0356490961039113
0.188839644023213
0.827762819854265
0.560094140982259
0.845999326587203
0.289340335558632
0.405682805382008
0.792670339982203
0.516106469198724
0.709299799074169
0.313628577666704
0.430443680658022
0.386632177445485
0.305689950567158
0.916953261360576
0.21464217662205
0.559761400399855
0.134031630237356
0.417235815487136
1.99997955219657
0.717555714323163
0.460529548539894
0.0543819795557385
0.659101070118872
0.206707985219191
1.85772566930203
1.99998639061622
0.728649414700331
1.99999786551118
0.308617096337943
0.609932546844609
0.490125313819964
0.664282002506579
0.405658432541504
1.99999753100912
0.230210227782567
0.420807609343543
0.472891236910349
0.343653275517941
0.535225433967987
0.398291565224577
0.567360487746639
0.222318191787214
0.525511479814191
0.265043827793876
0.657769973328458
0.724885207567569
0.548158118411219
0.492754273344937
0.662221271089545
1.8675810182133
0.489952350949806
0.41821054979646
0.289564300727395
0.943887343872053
0.704368902070508
1.06093165392444
1.99999934661582
1.99999928572671
0.441950764996065
0.423136595118619
1.80560892880791
0.59085015020041
0.67773194647881
0.437460593197208
0.590955827104787
0.235141834200906
0.565469851395666
0.621041129422274
0.298061464821626
0.719572282317054
0.549183430240633
0.867013245499217
1.99996732080148
0.796258820691818
0.740315595085455
1.99999104620555
0.810303344592963
0.490175289487369
0.885180560726675
0.589155347049449
0.646882828415365
0.754714390280811
0.232941157340296
1.99999442098989
0.313765381815614
0.583752812478265
0.913547780193957
0.515252678019028
0.683758347335034
0.980845534872804
0.496132165999221
1.99995848999384
1.58709307495944
1.98717143694146
1.82830250578586
1.31300463951123
1.65621505911996
0.287682876337409
0.118938606984335
0.115624699645498
0.223916228686541
0.0643796142497279
0.113581002059569
0.0415724599841946
0.0314270736844412
0.159507024106289
0.0801106571595358
0.0537383634423537
0.109395735045327
0.0600983117062079
0.110757296365195
0.0849336359029848
0.208860355989766
0.232737343020467
0.246667074374739
0.249508267641225
0.262530836438188
0.146837373885292
0.136862564596127
0.294222699767947
0.20693817576048
0.0746956270145072
0.0972475186188294
0.0163661350407232
0.0424308649482689
0.212758235289022
0.0629977729206523
0.254806425611821
0.22516540272595
0.0870636561745567
0.111215316345476
0.21280341054797
0.727015299585894
0.289882280152053
0.460148972044951
0.137491089930739
0.487862460886057
0.288905167691632
0.0741654561291623
0.150381434099579
0.296639711625082
0.242258408698236
0.340192415543635
0.566004582305876
0.462407549619081
0.426279719932805
0.642400482709114
0.282720532376903
0.288254978642018
0.313336000357612
0.963014822948035
0.443695023951852
0.577135817181726
0.543809395475948
0.129559792762984
0.661256119646461
0.534280482866612
0.307532642482414
0.183372049775991
0.138149050612086
0.253966044143614
0.229973184378274
0.337519713992292
0.168031138074415
0.0817634001531686
0.0944351765458816
0.131613805510591
0.75175766196273
0.256454109154083
0.13640769556947
0.547741769992373
0.6559832820231
0.266170874466765
0.0814112622099886
0.199054681487005
0.09047945978582
0.131444127045833
0.613195615020531
0.194954013404128
0.107765289199395
0.657934578915965
0.391733853219246
0.130731773977843
0.0463624509402488
0.167359839760169
0.482991443323796
0.0343107209636109
0.276862775035223
0.0308711146593766
0.0691218099258925
0.405904809195251
0.250764558421497
0.234165824313238
0.231336471775607
0.0640981556854616
0.542312948614955
0.238147469456412
0.0965036519798881
0.0473843606894307
0.0849193508013333
0.291200533400918
0.0435618312289638
0.0884615486607748
0.0261613247872475
0.12494798676808
0.0830274433425222
0.0528997961574117
0.205281005138153
0.0715837431209624
0.60211716306397
0.0830498911855075
0.133043329580909
0.119497424935725
0.0638109017538619
0.079709473794443
0.0233797865981419
0.0483644610040136
0.193211512215893
0.215864122320629
0.0682819545418751
0.450872447082137
0.0691295549161632
0.256088053297688
0.0878205998103158
0.0909050498428487
0.172523082807639
0.21045901199013
0.122340616131915
0.0685348611793362
0.202544656291626
0.0730914499116584
0.135577186255654
0.109046045923186
0.0605564677213914
0.0713679609221226
0.0414262429406805
0.0811242684163865
0.308858751042397
0.200514472298301
0.119200117599791
0.20565232817068
0.100669121865903
0.0321780856178167
0.0314665117279463
0.222119867503135
0.12673716925052
0.0376744771149324
0.0827287246479393
0.0357695852156428
0.0606705703756367
0.17863223397271
0.0329016477137251
0.161133488000869
0.0292265946093155
0.149832255254028
0.174790126899016
0.0681034409435259
0.0658053587590273
0.181593031267229
0.166803769490793
0.039793922688979
0.0177183461750708
0.202404448709504
0.0794578092697954
0.219778192102226
0.41094143386975
0.193727920656605
0.181890498348396
0.0966147496746215
0.253656242334955
0.251046820473237
0.144097955201459
0.0905427666888251
0.0373911006446227
0.0655346477461074
0.0199361442238109
0.0518634023233747
0.101500606161915
0.0644012145706476
0.102788783991721
0.0764052190230005
0.0404541687554632
0.106519844410487
0.169928367722574
0.0622425262405494
0.116735873114759
0.156945606918466
0.161941402353327
0.150726775377106
