0.153929543475616
0.16401264703282
0.156913429949085
0.128245788346845
0.400649732723296
0.215904742983652
0.170758178971162
0.0579177965818405
0.181018465509195
0.248489525135952
0.282789153697755
0.119765224745029
0.0362195839784187
0.295241797514035
0.0815773642340533
0.150373385130397
0.111032547718834
0.0884653907809351
0.10796411348255
0.0329971772019403
0.0296141616251773
0.0497968975466934
0.0432907382543722
0.0745614390859052
0.0304444701613224
0.0789608179999867
0.0533959881738498
0.100074119183199
0.0342810751885012
0.0429118975092544
0.0209419472618274
0.102672510659421
0.0655556898219467
0.0669124331887183
0.0467728034955729
0.132811566575512
0.0325894775368017
0.0854623001085593
0.0224607964732589
0.150776273176108
0.172365107104322
0.540794957990412
0.323710502896138
0.472134632876508
0.388529733795635
0.0792381760356844
0.207250834974976
0.358398227445955
0.1072127302627
0.386959778381198
0.394339661928857
0.177085210077191
0.187367587153653
0.127896700637193
0.131835590319798
0.267743954995431
0.375477759219414
0.0773971719579325
0.167347903005964
0.11577384618972
0.464148556320661
0.216429927228575
0.0335448316905152
0.0909500413163065
0.0925759229924613
0.0361360555994754
0.106631927209887
0.0555949204398766
0.113145118839478
0.132076471196527
0.0796942273480861
0.20715611725421
0.0947233590618708
0.164469391541117
0.113786448018779
0.159068008255338
0.0398053922746265
0.0650128920508226
0.0686379522068946
0.0646558853958265
0.0291338135228126
0.135475324171052
0.0210218758338185
0.0496137144967349
0.170029132317121
0.12174610845544
0.229924322714149
0.216147325067286
0.125104404087029
0.254121398960615
0.108386222921293
0.206458107893501
0.125388129892784
0.0606397161588091
0.0476484664718081
0.101028990514947
0.11645142082086
0.124465687053178
0.0225933387953071
0.161365846366576
0.0306294559787689
0.0525840787498469
0.161949383631233
0.0633751656148874
0.142269171896802
0.131415384090945
0.0833333370031183
0.20357084974445
0.121324162026563
0.164074067988759
0.177902849877717
0.229646594832113
0.115042420595846
0.0752979154423321
0.0620114009933027
0.0788294731073425
0.0883673356380343
0.107199418865957
0.0477512080732675
0.0321663046087165
0.159545800046559
0.13176475442884
0.129785348437553
0.0864293997898516
0.166659196612013
0.170007237751593
0.067950166578302
0.0737549045445838
0.155574868968149
0.319125149005538
0.0984970522039344
0.13455901810567
0.150873776452721
0.159880299438907
0.095879000990777
0.237268059483301
0.0727012123438634
0.150562817911648
0.244668006744973
0.101304987849862
0.513221050341896
0.165265749538538
0.115719601154528
0.192338547516766
0.110580528910947
0.09266327532944
0.169955954548366
0.415909815123173
0.177496944582463
0.174378608972092
0.15534699607944
0.261791183363952
0.162548720391076
0.112790038618376
0.133514980589238
0.222728102102664
0.101544266136935
0.319543708575586
0.147690589718787
0.0682220933404832
0.114776419304323
0.155873789792787
0.485356621069203
0.354448240426267
0.136913787175884
0.188436369743676
0.0571045958431837
0.113297311241195
0.160678851669549
0.142765455650766
0.163461243661033
0.215314615008226
0.140464482983357
0.0794032543634296
0.0613856601137309
0.190909452432537
0.208592876267547
0.394925641474279
0.291369488541904
0.15832193423183
0.353281971155557
0.378304626128924
0.214994652155628
0.114824614322181
0.155586120805261
0.158937487753923
0.259588750579156
0.352904626240539
0.273711619441184
0.1257749335985
0.197171856091835
0.133819077523177
0.371913869628062
0.778954444921315
0.444387516321437
0.0705608843519841
0.223264143538347
0.141470665197374
0.445030222041767
0.0745111899382282
0.29317561241045
0.0797572834201566
0.117670291731448
0.104595709458614
0.151238907373028
0.0762451716076247
0.0884758508106794
0.437254667622485
0.0479128125352909
0.0586428928875618
0.289612432824707
0.425893448167716
0.199759576301567
0.251957935230233
0.0938098782036018
0.13193653723224
0.106747641026746
0.133175998520987
0.24790229595504
0.246348162632261
0.0846559052906731
0.0615311143664927
0.0844134080359777
0.111095240358732
0.170756865158589
0.189142361163976
0.105055016781325
0.316453474067609
0.0510173376874419
0.230573779255403
0.379788113395744
0.286814769750782
0.509504482363343
0.12087997320964
0.223023067280152
0.0612084347599204
0.0492713168665375
0.046061164691341
0.0996604163872259
0.0463679088094096
0.0804513832201982
0.136740443945541
0.0808719407732111
0.154235854873012
0.0694975171989666
0.18006775200553
0.132466515218762
0.143320500720901
0.182045188135649
0.079617190826934
0.256651666349372
0.236821630539184
0.390374223572853
0.392505647221714
0.27440300709135
0.179186717534961
0.232240924387999
0.341482692267578
0.295195471832741
0.142230879223097
0.0984306001644773
0.0997494759929192
0.0629605504812242
0.182489936559923
0.0670459775570497
0.162744216580441
0.218699428708761
0.187521623793259
0.266958043374682
0.212574861796251
0.119376554783199
0.1241110065621
0.267120557292809
0.159830204715341
0.0699721159929218
0.205030092546896
0.223780146223704
0.207501083123105
0.278790679905505
0.0711394941074147
0.368382153649035
0.744781554659662
0.28578356836901
0.159549668745508
0.357337877105962
0.322073212593735
0.0928925807367435
0.247401809474126
0.112282870544813
0.274170594651438
0.325148820550804
0.277321810576834
0.176240461909953
0.125084868191161
0.255777132227266
0.154175041127792
0.134919364741753
0.134645163993114
0.271828967422575
0.0682128424538076
0.296512975782871
0.25400133620481
0.093284477746659
0.223907001178326
0.184736872712172
0.242319106550741
0.102051767993705
0.337415952548295
0.168818914842287
0.145909593683414
0.343107775118176
0.235389306884816
0.438926482080163
0.287989427306692
0.0603652553274388
0.215586998909148
0.193121348846014
0.139841950281077
0.370896990923889
0.158663678992343
0.242127144759304
0.268157514984863
0.231323848212207
0.251987361734814
0.109865220972257
0.132998564334849
0.0565118114124168
0.0867909745150286
0.130658377789141
0.0707357243622648
0.0868407208593611
0.124801105126906
0.115435906619207
0.0565617176631244
0.0783585194699255
0.321125093630733
0.090087795856225
0.142954894371755
0.127206248404356
0.229874296465022
0.124598586442979
0.261211477030187
0.123448061564759
0.156482282869389
0.0611749351687304
0.305638157967736
0.230433736229292
0.382500947820712
0.422563471161949
0.269588308596149
0.341976862844391
0.0929183477172525
0.101460658724895
0.114461566295487
0.237345612919363
0.0690406623873276
0.178310930673227
0.322357593474245
0.196756220016008
0.0979992811875024
0.16373097360481
0.103303761482613
0.292731591676187
0.171874940351081
0.0597192218248488
0.196816775495477
0.207463127943751
0.244269737422408
0.122393744711912
0.0570999940623153
0.109376490518172
0.168854050326603
0.188737271953916
0.1764253410576
0.0944377736985408
0.329631865825898
0.21599496778486
0.233529911213522
0.158775672882104
0.0993932084613031
0.0808029379787733
0.0669161296623668
0.120358672095261
0.123539405610255
0.0899269685671921
0.238387244338823
0.0897369710473786
0.0901724523384446
0.0317810478554439
0.174290228275956
0.174786854522187
0.175113666810761
0.200809930163567
0.296341563881289
0.214624530649683
0.0558073860230658
0.0435481445426507
0.19540335584987
0.211356978469618
0.0499032612204908
0.0865998055017304
0.0763615535682099
0.210169749434701
0.163722913956426
0.0986893363792296
0.0521373548600868
0.0658577589177262
0.0703821938790345
0.200887352530239
0.0859828275196046
0.0418320159409574
0.0447093891700088
0.0453514159270161
0.0495759892132718
0.0417912073078463
0.258140707124083
0.279253444046518
0.171421822086523
0.221937341547572
0.193553920572259
0.575455299116245
0.0997571363838004
0.32648524380149
0.303267850074032
0.182739559929652
0.081636791982899
0.328408309413391
