0.153928764296471
0.164012624448653
0.156913400824418
0.128245706425437
0.400649557063728
0.215904646583559
0.170758005106271
0.0579177871266913
0.181018408105361
0.248489398402097
0.282789040301731
0.119765160555548
0.0362195806949683
0.295241793793661
0.0815772004483513
0.150373212705473
0.111032368793541
0.088465035502747
0.107952388079587
0.0329942747295494
0.0296136122327395
0.0497959117358198
0.0432896449433779
0.0745583198066168
0.0304441331224292
0.0789559636534931
0.0533907726562278
0.100073110533552
0.0342804294881314
0.0429111446739977
0.0209405963033509
0.102654242604322
0.0655483796719077
0.0668953544696651
0.0467620085989738
0.132795326618083
0.0325865110853566
0.085455266469139
0.0224601834268992
0.150775758902472
0.172363956479338
0.540781405653085
0.32370438543981
0.472121887183076
0.388527584492113
0.0792381727422546
0.207250438840902
0.358396273646496
0.107212289505005
0.386959726291675
0.3943385700069
0.177084620224369
0.187367577535751
0.12789665097355
0.13183554048996
0.267743882078397
0.37547748230814
0.0773971047579327
0.167347837085294
0.115773729586562
0.464147920952438
0.216429694418205
0.0335448315784387
0.0909500366793322
0.0925758480192358
0.0361360491170124
0.106631891857319
0.0555948508389509
0.113145040142784
0.132076306257597
0.0796940465285561
0.207155711194509
0.0947231163395308
0.164469272693382
0.113786377960004
0.159067824464898
0.0398053752767169
0.0650127879562957
0.0686379307218891
0.0646557902511933
0.029133800848744
0.135475236813581
0.0210218750193657
0.0496136928627375
0.170029065174323
0.121745760401968
0.2299239582333
0.21614677797568
0.125103682650108
0.254120736535509
0.108385434330291
0.206457891281541
0.125387975752565
0.0606394904118657
0.0476484189843854
0.10102858004531
0.116451354065289
0.124465412420027
0.0225933194763415
0.161365578910818
0.0306294538306258
0.052584040294379
0.161948442696333
0.0633748333331195
0.14226840051544
0.131414515901624
0.0833322197621366
0.203567045963536
0.121322102380009
0.164072742591734
0.177901822790372
0.229645545348339
0.115042174573246
0.0752973807737088
0.0620113463913622
0.078828580699473
0.0883671351882619
0.107199119396884
0.0477511994819567
0.03216627355411
0.159545025439897
0.13176352655145
0.129784856454753
0.0864283945047104
0.166656054064029
0.170000965377993
0.0679491540204875
0.0737539666830174
0.155574429369089
0.319123206321416
0.0984968565985918
0.134557063384754
0.15087317025412
0.159878245875849
0.0958786402248419
0.23726710821773
0.0727011935213974
0.150562557959941
0.2446669914435
0.101303963065044
0.513219304632302
0.165264353340497
0.115718403406004
0.192334454342544
0.110579362044615
0.0926628432556151
0.169955233775259
0.415907786144483
0.177496291187354
0.174375231560955
0.155346174984561
0.261787496672465
0.16254810888298
0.11278970818105
0.133514942267857
0.222722978481599
0.101544158485124
0.31953484633293
0.147688610603464
0.0682220777949368
0.114775358127584
0.155873069704554
0.485350069883652
0.354438597926148
0.136913095274955
0.188433471458705
0.0571045867359359
0.113295545444723
0.160678347242526
0.142765049458761
0.16345999343037
0.215312347096279
0.140461104947576
0.0794023947707403
0.0613856251194385
0.190907536657507
0.208592809134145
0.394916679759311
0.291367200924756
0.1583215703096
0.353271476672058
0.378294574489868
0.214992957687389
0.114824236635772
0.155585964397622
0.158935398635561
0.259584209502607
0.352900923559375
0.273708168664065
0.125774030910995
0.19717081904535
0.133818875824724
0.371908686823443
0.778926263878843
0.444387189364202
0.0705607969679757
0.22326366218416
0.141470520121988
0.445029852686706
0.0745110702757061
0.293171928284525
0.0797572694243891
0.117670204684684
0.104595597377694
0.151238619428912
0.076244676299371
0.0884753879630224
0.437228895817206
0.0479127973103857
0.058642772196796
0.289594179102007
0.425883199042296
0.199757894707996
0.251954444797002
0.0938097545689101
0.131933438777894
0.106745659813139
0.133175670060998
0.247896917708595
0.246341174793591
0.0846558665709081
0.0615305117378658
0.0844133790498433
0.111092989162924
0.170756212222715
0.189140787758555
0.105054783081179
0.316450030435353
0.0510173355981928
0.230563261341573
0.37978265360782
0.286804926918384
0.509319703782742
0.120875829891056
0.223021616460935
0.0612083983270711
0.0492712820439301
0.0460611083902264
0.0996601554414868
0.0463678983262614
0.0804512461226156
0.1367397718736
0.0808711753609642
0.154234439777238
0.0694974512509735
0.180065639608514
0.132463984746063
0.143308850938743
0.182034899336668
0.079616863542205
0.256645741467254
0.236800652190905
0.390283341070619
0.392489995776487
0.274399692183371
0.179172851500472
0.232181449456202
0.341256123912329
0.295107011660382
0.142224183272673
0.0984304686859312
0.0997490951880019
0.0629600495667665
0.182488778987607
0.0670459278442124
0.162743874073685
0.218695424154136
0.187515659494677
0.266953354927503
0.212574538099698
0.119375172714675
0.124106320958579
0.267064773652837
0.159823828520051
0.0699716253334344
0.205026200624697
0.223773893043057
0.207484056902923
0.278761152229976
0.0711388668292662
0.368381352009531
0.744766306502942
0.285763792171701
0.159547276532393
0.357337329896805
0.322071966462018
0.0928912106442876
0.247399499506929
0.112280874961788
0.274170025995346
0.325148316734192
0.277320190356825
0.176239243216142
0.125084049502927
0.255776899204091
0.154172498012239
0.134913175649596
0.13464004863672
0.271808472095557
0.0682124092602124
0.29650778172883
0.2539917344968
0.0932730283635138
0.223889516138118
0.184735111291271
0.242313725603031
0.102044840783259
0.337367096888816
0.168811495598809
0.145908118657752
0.343077590274536
0.235362156512898
0.438770266557599
0.2879478198984
0.060363379161945
0.215581345049447
0.193114772962507
0.139823622502199
0.370874676102178
0.158662193400151
0.24211082754286
0.268146215903954
0.231278324633886
0.251974281573786
0.109863570140524
0.13299804325955
0.056511358702691
0.0867895133734959
0.130657052617518
0.0707355971922723
0.0868406667797222
0.124800759412254
0.115435416017594
0.0565615429494078
0.0783584894864604
0.321124586149986
0.0900875755941077
0.142952521235707
0.127203914690058
0.229874101510325
0.124596948423271
0.261191685982601
0.123434623498205
0.156470405903313
0.0611744722686734
0.305634055185058
0.230422196052497
0.382349970820385
0.422470031308371
0.269585737028473
0.341976428060296
0.0929181388859208
0.101459277980135
0.114459981661951
0.237345445957662
0.0690402694134828
0.178305318192156
0.322333586165103
0.196747853417517
0.0979988923526194
0.163727547081448
0.103298494666693
0.292665507937857
0.171844094595313
0.0597185104042742
0.196808759616254
0.207440218985927
0.244232700735614
0.122362294226838
0.0570985701022828
0.109375394061552
0.168849462304518
0.18872728695168
0.176418496054455
0.0944373463176176
0.329621433933984
0.215980872203276
0.233487684520021
0.158766530276934
0.0993919594814034
0.0808027400935902
0.0669156867367239
0.120356413614477
0.123537841911403
0.0899268264030456
0.238387032156378
0.0897368064693354
0.0901717305171231
0.0317808351636858
0.174290140358822
0.174778446836423
0.175110460783965
0.200778991968325
0.296304675633052
0.21462209352471
0.0558070124435965
0.0435479319909516
0.195397747676225
0.211354876049715
0.0499031519666172
0.0865988733926857
0.0763608870383935
0.210162452882361
0.163721034842441
0.0986890412315872
0.0521371584563058
0.065857568794032
0.0703811536516673
0.200886210556568
0.0859827258506925
0.041832008691299
0.0447093733372149
0.0453513827436933
0.0495759398056542
0.0417912039387102
0.258140623366016
0.279253156893719
0.171421754441763
0.221936584799982
0.193553782532878
0.575452244383608
0.099757067987825
0.326481399704957
0.303261532952984
0.18273913011978
0.0816367013233575
0.32840654294332
