0.0920007602315424
0.0568736431586375
0.190629944129268
0.178638070452604
0.36610365560079
0.230379551624673
0.280809611772625
0.0991062570701529
0.177009531346058
0.240456114240887
0.161335900528191
0.197168394072962
0.0511203083715619
0.271606258051458
0.0817719158683207
0.164375982288259
0.0742284712586541
0.0537334851839725
0.0685665485473525
0.11295668323465
0.20495219899131
0.125152590060327
0.200347163785308
0.127510284697982
0.321296195630386
0.122073578546453
0.0818073352040111
0.163137950369198
0.113089615767287
0.077764359026339
0.0723383633440375
0.0970006034503817
0.105503158468077
0.0904451156356422
0.14226855904999
0.048805385433898
0.101228333058214
0.115931648012977
0.279095728595431
0.260339000682935
0.248752630591264
0.257247558268846
0.419691495439146
0.207634956418965
0.0888245946862609
0.213475106710091
0.128794287383534
0.114763630970689
0.10508529845067
0.121833819702748
0.113505904280465
0.0618110438921399
0.126453734640913
0.0508020730625745
0.0827984828992965
0.0872651963733892
0.146415897533257
0.14746661447099
0.141479744189611
0.221158312167425
0.151191037756417
0.186915618613653
0.148804465176003
0.189501913273752
0.222164040891508
0.104742069916438
0.0933468131015802
0.105005724915098
0.108937545568653
0.0957103410864505
0.121929962216579
0.0620406149093517
0.0512252365412298
0.175165701286611
0.189228932084966
0.204607268317224
0.130239644408288
0.194591719271428
0.170737809699662
0.118456028437235
0.186383787571518
0.245571104417763
0.268377314014669
0.143213440973888
0.210574611892487
0.15910282877834
0.20834566384366
0.187376079428039
0.278820572693464
0.131790394391011
0.163760270334661
0.206780132777323
0.178824798782736
0.1671307054647
0.153379893660074
0.154877058099796
0.364880610370726
0.145509826543605
0.249500723144969
0.380347063306068
0.328554416197588
0.235986385857458
0.260051814088847
0.0884289344922942
0.194471581761092
0.163307473853005
0.162248487917853
0.138954867192994
0.256035181135028
0.122649422776759
0.270945782404458
0.17370002382858
0.0412837282728902
0.142371458226657
0.169617034218988
0.437616926964829
0.370266378438078
0.134254547265962
0.179289073365462
0.0505224011461722
0.148559712702396
0.149345324987028
0.217640862067483
0.169090399356622
0.194968357350048
0.220206334146386
0.223735910549232
0.10378588565557
0.19658142794443
0.105656822082695
0.296037889566714
0.222084781131129
0.384220049256567
0.641472488173674
0.268349712352244
0.1844809527919
0.172862099248725
0.270249400829109
0.299674118132495
0.38070135703231
0.274588509318007
0.191457482302862
0.221700002903374
0.135376506865375
0.366528195027649
0.370096496901875
0.48272366353712
0.0849960847673835
0.0930261733377435
0.138514674827293
0.446636277571335
0.127549373225691
0.292562094931985
0.101944091450706
0.367995801600225
0.193930067005946
0.250317870124847
0.151315126994757
0.121512787852546
0.436723069459461
0.107222473414704
0.238300913190237
0.381465856320291
0.169881674526162
0.270557914128342
0.129334317687234
0.271408091825913
0.29361015887573
0.118499936083667
0.273428990082851
0.275497398655991
0.225343929142448
0.175219695442901
0.0855873597075269
0.176924939777255
0.19862434497454
0.206062418417762
0.0966434212188342
0.460577556932449
0.0471261012123192
0.237810429075504
0.349111373022804
0.35767682494854
0.564345951712876
0.241225002195424
0.218040939070275
0.0841696389386746
0.134776529885855
0.058468911679886
0.152756144536085
0.0766456989229673
0.160234750102873
0.120119990253512
0.117061489030591
0.221798511190005
0.114354542263474
0.175213667321819
0.168026715800427
0.258761692852387
0.269347493715093
0.106337271946715
0.278777506979105
0.299803317171581
0.528341921688689
0.256623508804247
0.279266554909756
0.172933731375744
0.138524454183809
0.110930876725344
0.115959603030692
0.208373302508384
0.0981945270489832
0.201958953350477
0.181284885940844
0.263725185994037
0.289298743249791
0.168282070829731
0.260312619589001
0.282806361776942
0.482397382160824
0.276866820747411
0.218261231010411
0.280953329459255
0.259368531411914
0.306135085581505
0.172339061284326
0.216525570248145
0.792875925885701
0.303312796008744
0.286055045404917
0.122923505149938
0.226728993856224
0.202873690588055
0.250608212910849
0.283103001545467
0.280021355745095
0.150706196959526
0.221026754902756
0.195975493387818
0.17548582201857
0.10209738149857
0.274057998017872
0.248832149741092
0.152115536226536
0.407135797112304
0.148116925204524
0.310382474393934
0.247047786793945
0.263290017554735
0.367458906433671
0.214063985981096
0.39980410902385
0.281984985774602
0.527109655448874
0.389468055877417
0.211043551173674
0.505862534740436
0.314102863050818
0.242904343099072
0.342167204373547
0.213987969870934
0.354569807101344
0.413301101596573
0.232427887921441
0.286962764275695
0.324497772402789
0.40849981358204
0.404759633955891
0.160337101815387
0.196890744356068
0.138315209359935
0.129517143665132
0.231555586005146
0.118583794158484
0.0618238031494085
0.154631915796528
0.132052771212013
0.148713812340901
0.0471553439003409
0.24933731831204
0.145293333496238
0.166574247780338
0.149162057074514
0.20352879565167
0.241813936633081
0.326418769934091
0.266907419061758
0.287914727313549
0.141020183601929
0.281754109323751
0.39589155897452
0.160632000633899
0.281469275547223
0.143661025434548
0.150406008383442
0.119704441967309
0.161472855032975
0.107325533952116
0.18998055558163
0.324686016418027
0.271660653792985
0.115641989604528
0.22926493094988
0.244438652590283
0.127991429867887
0.176756335102915
0.427901005736423
0.447392397458484
0.0797161065412161
0.11545572488447
0.341280253706467
0.262384206624054
0.237958019302898
0.133401688420939
0.307999844313151
0.378778895011648
0.780108324872975
0.346474798926802
0.220628793260793
0.0668393922383946
0.117175149970451
0.169807458474508
0.21474030644278
0.0801484750945313
0.307500577191083
0.129688779558074
0.116075793232245
0.117632156260373
0.140331141515173
0.209584136486921
0.249054990634336
0.35272207177031
0.430923277760347
0.186812544910177
0.129220891993341
0.101687158488864
0.238205802505393
0.224183445842945
0.0948187169306048
0.163507728801543
0.126197776933194
0.26811228193005
0.227554807992894
0.141631844051216
0.0907149851960908
0.0935555376592215
0.148869571256326
0.217012917753201
0.0963682068948216
0.048340993445786
0.0807185019860483
0.0677138480256849
0.116259574653566
0.0450431773955761
0.244501340733828
0.281493105633448
0.242886847659512
0.413751621777141
0.294576094224434
0.621138032491802
0.274040281249393
0.460857388485097
0.58262770422124
0.200334223199306
0.126776234547514
0.462037819867272
