285.2315576119
7652.27364842177
16906.1683081183
4621.75424159692
14203.1378090044
8681.42428043887
4318.66353852698
10257.9691738941
9345.68739907712
7698.10278988563
7646.21857752328
6158.48127939942
9124.11205796646
355949.811113994
678.142513564072
2387.05339171482
784.819457639474
211.731912209229
6466.8399027047
5824.53338207692
2904.91492136973
3409.05383555781
2854.04121933341
968.412541855449
3013.52322382825
733.356724831421
1785.01210539632
4483.66087790291
1704.33628635302
2953.51429416344
675.38331079136
6499.59276116738
1250.21049394538
3630.47376883961
3849.2743289604
23073.043580679
4181.36878410222
4732.20684942805
1686.586413546
3130.934464993
1634.30521798036
813.702542834112
3073.81769368838
465.234841489354
1331.76727038563
2628.19585410107
521.373301345769
1921.79663210183
473.323140320936
4303.51517960909
882.85387514167
1428.8790780111
1411.53717000354
12348.2521854499
2063.09170374682
227.74355416386
493.175443168674
436.081192219393
361.886571969017
263.042459309721
122.269480345823
189.741701076077
288.880413615912
590.190031983865
837.895486665585
764.237282923608
247.326226211243
2312.57750365216
171.888603442246
780.373204642746
803.193663992442
6170.09199973517
824.760833230314
606.290870713229
336.52116604934
883.220919522462
192.086039614443
164.650331912802
76.5487459059473
128.836449942321
233.809575508042
1567.19204549005
764.159843467571
1150.75772962486
233.888066750189
678.637384946365
268.314334713995
831.251379023318
1129.91251200632
8289.54426149946
1622.9146254565
851.494180614056
354.277469519918
536.586766927503
358.229919315484
296.029281323873
341.202549985865
249.616637834484
1012.15131065242
2317.54802944646
1246.56345818951
1273.90924045472
255.597101216359
280.757309440367
276.582473693457
792.859038017762
912.376768025204
8990.75626104906
185.702825120455
1892.85976924798
170.347083683208
225.85614594087
2956.54982757335
254.321755357315
625.804561522883
596.760408124875
275.374029018614
452.753906036465
202.515872516585
5185.81363883709
176.188811877181
1003.47080812101
1336.86747815428
408.466535359616
360.832667378903
169.043246664803
333.072935019203
3440.03204112402
361.236517050569
6258.28127243889
1075.86852768327
1992.76431569379
279.586555246495
576.651883938224
551.6553593963
978.724727405397
4220.7168189005
344.354391221405
289.862310469721
708.361733681328
534.950979576136
453.18380935854
748.552149519761
1556.38697554765
491.746453904437
241.769309200621
11319.1124754992
1203.05831677747
700.034787274611
2374.17696404711
9350.46241340924
1317.19786275865
332.812429630692
9978.40987887615
6643.12331185592
2894.10503501515
2340.90613914748
395.425127404062
368.43071863804
144.309531199103
5583.65360357044
2013.34605427538
338.020228572186
333.351284969178
363.046070954529
1859.39543153045
184.493294002088
218.840068449982
908.139845374584
242.127012101308
161.836881450474
7562.40118729542
312.354168683604
4160.489001254
150.37850607481
893.870757244017
448.847855316554
777.243458879109
909.831745267367
19307.576794541
92.7800969675503
441.421562589023
172.634107048741
31.4969937380786
117.989330806372
600.04845896647
2367.5411509385
3672.16360186059
781.160499495604
997.958280429578
5784.28137889266
1830.44391192653
396.272865098564
202.992849880657
422.296321691632
2019.14939066664
391.78906984734
194.868406584621
54.7675060564749
87.0752109137032
436.60341840939
219.716032367629
64.5933671992504
219.859281025745
381.052986286818
62.8366556134278
70.4554931900517
2079.62688616953
529.827754677428
243.392198503926
583.36339560166
2434.25206811143
1800.74140864108
157.641165328289
142.406322501208
285.602485110768
1867.54725038566
354.74991124973
127.734759233805
41.408449745606
126.588062210631
592.146164006929
340.30688092363
144.239561928062
59.8818336185601
365.631671108517
1260.62188040137
705.222814506121
74.5387944058794
319.962863838845
1069.60255552682
1201.45668311783
224.265772009093
451.448722336532
276.035430995778
2411.61043134007
1901.45129765438
691.923396765359
483.030345915654
501.852141403738
2151.60533309015
335.036161388
98.7920256042964
65.0389040466808
97.1256459361511
397.714036616143
285.219374450166
98.8748102995873
34.4578051584395
82.9727075185373
391.415667333329
308.088905834263
74.446318711654
65.5051260280808
140.476466699043
336.948076523075
127.702725563797
47.7040674405658
154.812018237185
269.972502551535
105.983935984642
42.009132009153
122.734836831312
414.544758830588
73.3326999653212
124.795630756336
35.2408380242387
138.027298573383
180.438944657003
830.477616613741
296.163540336882
125.678790541526
381.45411938269
1112.08905993734
1625.03048519048
979.705432885838
513.854549055227
801.467752884313
1964.44696703682
2626.00449597942
1137.418973482
163.467058224288
134.737299823987
3943.02450022039
444.821430010555
125.609798028527
35.2780633976954
70.4637968503259
415.261490946612
332.3207186409
158.327351603321
250.358863737404
4035.77347740038
1143.34783628861
174.654386505184
138.413697741228
3556.3592393609
367.32753724429
113.668885940759
74.5020471635719
129.049381393375
468.46487292007
374.58598305413
109.583366454071
333.491769949879
117.330043635469
86.1666048469188
53.71160456609
107.698927201104
289.499050679059
230.458521321539
86.800237221354
108.854027676928
548.669005315583
174.784699029077
107.664696915219
90.3341799944744
99.4096822867496
285.531353577298
616.355780627311
281.244528010651
153.271862408431
308.217683508403
1027.04062042002
7864.28883934519
1519.48157934089
243.528233953156
322.80356544367
5174.56956958731
78.9714697152125
247.631377726496
38.0527084319804
60.2849082960443
319.914294045265
335.258918545123
323.919534261416
124.445091877652
382.482907020756
759.313406643769
251.686840919363
248.479378905516
133.628350923453
320.909916689399
770.916637910278
411.154349327684
584.427506437683
170.310016358428
663.823938455167
1468.09914568039
4632.9305437669
5088.62001952448
1524.13905286996
1957.02689013956
8565.56065096654
38509.9303775903
9583.37737039423
37067.2842262429
7301.8461506403
15887.3853868277
13184.8377674644
10262.6773882366
15232.7164300824
6286.24729602685
1419.51048577192
2680.65566867548
1620.00608751381
