353.838097264723
9977.32972274954
17779.6298270444
5491.89982835668
15183.2344366633
9735.15969498952
4583.28200385488
12517.2016286751
10933.2616016902
8768.98923128773
9208.93921816722
7612.29683232641
10639.0548916925
415128.873030097
764.739844908669
2503.62651227492
965.03878514445
262.252278981323
8050.55635037488
7530.87206161696
3506.75823248397
5142.44481871683
3510.24620228008
1732.7773879507
3477.0667616985
883.239696061999
2231.52841271356
6563.31242047801
2102.58519988434
3482.35831417347
838.523839978933
10817.8807662727
1490.54683928436
4564.85376693741
4739.01967469664
29078.6851082376
5252.05306851273
5626.69829756002
2162.18856571731
4140.54869289694
1994.33685532254
1400.14666021636
3576.29398709508
580.334169491765
1979.81252385573
4488.53918798587
661.306801451104
2180.39697129217
638.597394475292
8271.0694733923
1079.35116170133
1935.17108887235
1855.58561710883
15694.5671141357
2546.04172539285
288.382187272956
664.692176560344
552.631860580565
456.485386443172
326.478575940467
149.087671925365
230.910376146981
361.856502792416
791.659762682508
1051.45145714747
1061.05011685169
308.881029194576
3026.8914647401
208.111809715515
1075.6033181286
1110.14218128506
8070.37721781777
1050.70644365405
760.014151521746
397.408697110477
1049.81699530969
237.490412103541
198.182965874626
95.6294247814055
163.892108027551
281.330952405398
1919.62949917728
840.938842754771
1409.99089999405
280.812440124987
873.02223768162
317.760562138172
1135.67548576178
1247.98549126186
9866.86805029485
1809.26236816535
962.850293846865
547.7945100398
671.226948030162
486.989043817172
378.154055579304
388.781820270326
311.206068521726
1566.17547015212
3991.6032062841
1575.41880619234
1640.6707815156
336.132513429311
377.752213431075
407.509209627066
1052.22971020177
1191.61725123993
12679.4806944954
237.974609661606
2385.48610792509
205.624756579492
332.531553587716
3616.98566210942
293.59896425182
764.974163045965
725.522368324583
350.306113747696
526.905916766687
265.274379698877
6272.05929853042
252.794370232496
1407.84827143358
2646.71740496197
514.412223323502
509.567226102258
245.605357895452
430.124874327475
4403.67708977218
457.751110219054
8892.23763265435
1691.47628360324
2707.83265258347
432.561516527522
727.463898323064
694.411160961177
1340.56453061211
6127.5634939779
474.862206311586
351.710916466966
981.908053381788
801.94552627481
554.822124900393
1097.4595045632
2074.26285300993
686.070929600745
312.482104805007
12265.2363880896
1525.50171691151
928.661260882339
2990.15645544313
10406.8618113979
1519.1018929626
401.082005532039
12480.8116627509
7335.02358761899
3436.92674438959
2713.48405387434
456.992783592695
429.740234348788
196.405221948822
7144.02157781242
2475.74810402585
452.866154388773
430.706156877552
485.579572076767
2444.76361131117
244.364578754074
257.896707012341
1296.9761331879
365.501530154494
197.878439924713
8124.05802801723
410.982759536282
4938.39042801468
196.482264634559
1068.850756793
576.59379664045
1009.48223944678
1010.65428893537
22557.2097331999
117.34623501612
521.702922488398
199.46543648761
40.6801379319162
139.589754789161
720.836387094194
2981.31462934614
4348.98419885051
985.712938768842
1283.36370863277
6747.00681497384
2258.34364800715
555.67681540331
237.247087921319
513.884938925304
2315.82105706427
548.822662482509
268.268723582681
66.1374700964257
135.769660604498
614.46176618896
289.474806598016
101.955878403355
238.730768227082
457.438511719391
76.9453158112771
102.36065994898
2597.21303866628
702.900117089144
292.525839689188
713.874754411981
3195.7150518508
2039.80646190109
216.127498013231
163.158141186247
329.845318445237
2180.6079751804
474.278461425055
161.850079416927
55.4714767051396
158.611691781933
770.966960384662
486.198075009717
172.580407216147
80.9330373547298
503.059519959537
1468.14284715943
841.558974510152
84.326636486055
411.541987470188
1540.95810938654
1815.24486889787
303.630869293115
604.065083167276
338.258257970617
2976.12997853228
2355.48180577271
855.239541773896
724.755796979661
670.47803043871
2711.78767122828
456.160358901333
123.830170515201
78.163141694746
145.117507461596
571.7933612688
366.238743770659
125.670093501692
41.5904303202804
106.502586751119
506.41336374756
447.643225539709
116.086475055444
96.0457860716312
189.123584143094
454.650087224308
194.677431925338
61.1686079967308
242.900849235212
425.787093861639
133.100004003997
49.0934394603934
189.918455905489
624.434083168295
94.1646563941663
155.887762739208
45.9199622149289
172.714584767522
213.928666687179
1004.5726796996
361.474180611856
183.555101422299
499.735510672338
1379.42847321121
2038.93317260791
1240.71404341951
711.768533469042
990.754977937383
2427.4111128229
2740.59420019917
1333.88946139714
223.76065613999
167.262587584607
4570.87240946899
696.255883878252
178.127500343137
47.2305598787757
91.6773295312975
645.861459405899
389.465354080268
214.495726462617
278.066787047039
4181.27613310287
1404.63589626763
223.99498443364
200.701246783284
4042.46834765579
484.603436016183
162.471810884384
94.0083561652214
194.697908430478
579.736375901325
533.952470061075
140.349984741552
464.794057426783
170.589856821834
103.572365317512
60.5555655201393
173.513785253114
382.42721478216
285.588108832824
110.3396766768
156.461715043326
712.974431891119
243.403157664432
142.657866465414
111.99975960656
140.151627396595
346.207892037531
873.835549477291
358.207241615985
205.777875600639
383.492852067803
1226.91225002032
8875.21741147922
1791.7142844326
307.626318851642
415.280595017117
5909.2303963632
114.047138333206
361.072428381465
44.2662709510738
113.204623656542
486.882392402757
417.606894196711
417.9707081347
159.701772765773
438.899511754116
945.862708898925
301.164102227739
294.649455871072
174.468957230851
433.069019197624
976.296918818071
503.057650739503
735.992702009857
209.780992198695
796.302076213393
1792.14048172451
5843.83073816995
7127.91257577612
1887.23553308803
2436.34496725053
10469.053413076
55398.5537002857
12853.5897166155
48108.451584864
12597.9913577215
26332.8143003786
19932.0995872016
14130.5591919985
22414.8202551674
8695.93543175798
2006.05551665253
3367.89933376246
1867.15373676909
