1639.50250251887
60035.8521408479
42358.6430473082
10196.2483096162
45755.562254858
24561.9519664204
8475.4892275138
17807.6626422975
28702.1244810275
24514.3151755676
36276.5638772236
11257.3721024989
20012.9345893904
1187379.09400595
2035.6838427451
6565.15166670185
3463.86810668295
1101.8736794161
49.8650693747189
18.8444116113377
80.9214414057537
130.293683816923
85.9395868258963
91.2978274724324
140.297590899975
71.6642601582889
35.6180333691213
551.699323110871
91.5989723377463
122.92308592714
17.4589713174492
28.9513322661669
60.7782018135111
13.4200949237683
11.207284789083
54.4712769134917
17.9746171416698
76.9888549018105
41.2582623376462
2237.97689945895
1301.16402925066
1105.55519611274
878.858290322769
878.461421708024
3534.58137145247
95688.640555935
5663.9786355118
3582.33120830155
1315.04843206437
146400.418233975
7176.87315077675
2767
185313.352921746
16663.113730179
17528.8609975623
49934.6073664215
25903.4735803316
4476.27455067438
21251.951044869
5939.62544153733
17399.7340149823
10210.4459808032
502722.160298263
89809.2331623627
5717.953560548
10184.4826551454
16391.0942724787
2226.64172675829
8503.09900116734
5322.72377850996
1786.34499710872
5322.35915177329
1855.12306947151
11557.911329647
9479.10572448759
6934.26272806056
4670.87232673337
2091.14056030524
12334.251980427
2286.47389333391
3486.0889986739
10637.5147515839
27316.1175238075
5924.39204999165
21877.3582913425
2144.90909394005
8140.66040896253
4410.21324440195
1205.58709973187
4900.61791729171
776.047244255914
10023.1805621252
5231.02814771146
834.64871874387
2438.10178272572
1415.27333242123
11580.2054167415
2933.7413655545
1406.86250499658
4943.62113220775
22294.129168195
3673.44617327411
1433.97218762978
607.559016767955
1338.82867280835
1019.89724730745
320.625960147837
546.27235358338
364.58260551865
1028.01293806557
1549.59913503345
2548.50364247989
2703.67831081866
560.143201511244
4058.93377042407
374.362629082172
2094.59979159099
1996.83032890675
13418.8130746964
1677.29788462771
1645.18450344666
708.200566513159
1717.95541146704
373.561162306956
442.861931245473
230.830456549924
229.143906860727
291.610882810173
2794.55554497191
2630.17492260627
2486.36662594944
464.511347795077
1892.40752740585
626.132744383119
1284.41778697883
2968.61693876945
14055.3604616684
4385.88511989037
2992.375
581.766386939011
7874.54638740623
1104.11303819194
584.753651598824
482.155784904824
545.418193359466
1059.74578348439
2187.6324046841
4417.10476211196
2475.84223058704
519.943350969531
1514.5314494217
1007.2156799743
2324.85794808649
1961.22270109355
23994.1432257772
502.128013854125
4858.32158994655
584.541343220705
556.839195089044
15140.6896332378
625
1691.23528250642
1858.45924223422
717.098376223579
1362.35896685396
615.095575771247
17983.0497956889
367.163197032425
2943.55438598103
2691.10988903892
1267.695731775
1132.16100487472
342.17122708625
369.046369101494
6095.49070918067
1099.77126331942
36091.501561294
1577.44711800351
3193.23596118741
4306.27039315943
838.866987279526
1104.23290478675
1449.42046782517
2185.22087507051
10650.9246631344
627.561881502902
777.69786581916
1957.88230227916
1540.85673757796
893.356198948817
1896.76141608334
4495.6504243661
1413.41165647931
1097.69618553712
30677.0428999092
2855.69484816782
5300.63926364078
6905.72299035002
27075.470320853
2378.7323532146
1250.99147375309
22813.9602282705
8081.9029240881
4928.99767517225
3993.50642739145
588.738037800344
863.130299785897
381.47430177915
7568.5601375125
1603.11029596144
273.9695112628
1020.45215645367
1235.47482761307
935.355742602528
3952.61409537495
303.058701161388
296.233750695281
2771.34482317729
642.905983475824
441.734356013413
9283.46809181293
321.89574604317
12349.452999233
276.580471793405
2264.78754497627
1143.3541748731
2387.961821238
1589.77134528592
62744.4541636437
263.36991218065
1349.40194813494
427.042806657549
74.1033851978773
178.219780593743
1760.32470556724
5310.39629952629
3527.30782907252
1887.78252220481
1919.7604458782
10313.4311492821
2744.22105810565
1469.65946004767
433.161211462529
855.278578056081
3977.1352873427
1125.78420891047
404.525419457656
89.625
167.04053854725
1137.07878539115
576.5514013761
137.981487229839
89.25
502.894428240444
1161.09779063092
117.714018000482
48.459958864879
27.6787726640176
50.0774700270493
153.097086521791
4329.97122141526
1376.78131461254
401.36577256932
1459.87865294893
4958.66260213515
4031.07308683418
641.268698554748
297.552567861782
777.689751087474
7270.92626552518
570.092632046408
166.230067561855
66.8795449387525
214.312320728675
529.158743037499
583.344267491693
403.378483926721
128.888717209924
138.107091215277
413.467178663432
8618.74742480456
1942.04796040627
212.375
547.984120734021
11934.1125156896
4324.57455941289
318.266040713956
1365.99918487504
318.892983792688
6734.87204722382
10995.4729408747
2421.77540406439
1302.21046780708
992.990763669183
14541.5623129921
573.827044946331
157.523611996582
177.443623577482
198.840162457004
612.130364526911
918.615595476618
346.516829386411
38.125
147.165574607865
1029.50845186093
614.269556823117
77.0647255107363
129.821352563557
198.707642535358
745.358084488847
217.615517321089
108.967232773557
66.7017554061695
103.321368466208
103.364311492902
493.052190629044
287.156286321461
53.6214644377682
326.121517169581
865.748821412179
187.226522666735
324.989715916543
61.58678663347
247.092108757997
373.349906648004
1977.19288141197
366.730532962018
258.382412890652
656.194296293348
2084.59913678851
7214.12877762119
2298.12476356384
1369.4881317638
924.063488682025
10467.0730480665
12302.8881628155
2343.14507182689
448.544412707039
357.158265556423
16314.8920461931
734.489361443322
238.382530918223
59.9846793382397
109.821656034177
575.989936821466
1157.54489830644
251.346269479031
50.892663567712
100.84847049457
1447.82512082726
16237.1941533256
2623.44923437656
387.976027944366
427.796656095417
20435.9594222561
922.988316759375
378.180250980847
222.919907583428
275.372788181438
1647.0613115059
756.173055367416
178.26643083536
71.011955729187
50.152485801962
422.401546838456
392.031894435582
124.713923731739
84.2721782350676
25.2088726193614
146.616947121344
646.832412796156
361.265243442503
189.553928905269
229.387419919107
1146.8693112274
643.979043556909
190.791091893497
100.045428097075
141.742255782672
452.260506144187
2298.24178468315
615.074177436971
328.239420613155
502.596654117226
3629.942381113
17026.8142128294
3070.84512369965
579.221846184805
245.132443650447
20911.3820415844
186.056316654733
516.109103795817
66.1815949362772
137.417875368254
983.19147851407
440.728849201076
466.320126982376
340.90262588656
1065.66715876825
1160.88304675902
437.154195196763
444.316728729575
305.096658467823
716.38691812932
1671.9646727376
733.310950830976
1176.1870478319
239.237311538575
1780.43981946447
3714.64659531469
12829.1615497407
6468.71098286088
3101.16470213085
2496.98401155526
27004.9109607155
143825.000416668
26320.4481407357
63979.3288998417
4218.32508315933
31273.8868417588
38743.6467950652
13757.9638073998
15944.4453710461
7944.13427064499
3927.96722648088
4549.8081390788
3853.32426009848
