0.128185776425098
0.089237120507281
0.442300076200865
0.520659577513588
0.877048270367985
0.443590169353542
0.570114489293638
0.431155038632658
0.523524347933685
0.474908974792843
0.675034958925541
0.694011959412925
0.0547859641316135
0.234196700330032
0.125764368422914
0.152482365940511
0.194080193436897
0.162193119982681
0.156847135164233
0.153178699761576
0.230627702413291
0.609942501819018
0.330731866369892
0.0270513563400743
0.117165255215089
0.0987320043059603
0.0649208765463709
0.0294333821056375
0.198668878766696
0.0554259652778281
0.238144047275036
0.190188892153597
0.036189051061586
0.0184840062010029
0.108779730565525
0.193875148323031
0.0375427833521972
0.122612113587669
0.0765513748298734
0.144438121786515
0.026278400781623
0.0817483344548579
0.132068882026838
0.170733475616992
0.150658513628782
0.730495367289875
0.389295150569444
0.209078410470155
0.350901203775452
0.271879001887484
0.791532522476518
0.561966268902134
0.186140640506688
0.114192596247223
0.458444050695822
0.139705238975484
0.84454594945277
0.340951737691359
0.194824196430572
0.0827178116437361
0.186589463056898
0.656567285498017
0.0797165473556892
0.0901921102752069
0.222054060734283
0.111884384675286
0.111931579683914
0.0598342819046509
0.232467281064199
0.128780309779271
0.299622882794038
0.0667442626273176
0.0891539255605294
0.0636580524358835
0.0307027472126077
0.110493310753774
0.070940947549917
0.0656218041712603
0.245570394576209
0.0439929635158213
0.112216007715772
0.131198308974214
0.364256611801037
0.229045716477203
0.38242417718829
0.126233055935125
0.0974509247378235
0.152607305931302
0.600713971386779
0.254868364916903
0.0549166529009971
0.122500484594372
0.131397224980994
0.16217881398481
0.170201797834673
0.201738056977195
0.0910501890926252
0.11154485768705
0.0797445420959198
0.490738365532087
0.204745984907139
0.19389077876464
0.186615334583384
0.149365105206868
0.0538894675815121
0.48378272922164
0.423463643843333
0.18127115083569
0.245870625161436
0.288422337803761
1.11918810713251
0.085156044482618
0.378080264892628
0.239117190463416
0.243805362872808
0.672991405749221
0.268603926843438
0.821987643410006
0.360129171316749
0.494891966173592
0.591043117895954
0.468258274693055
0.331809216083903
0.194038700233376
0.306882732221617
1.37016693062758
0.286699124816406
0.35055276130444
0.230699564752179
0.271958426660441
0.983774509312197
0.207474489005394
0.22908048820879
0.371364690645072
0.28365676523298
0.730696081985206
0.191396929533754
0.264456241526721
0.423009747943075
0.249133860802085
1.0643546739308
0.388457143382817
1.96398981208306
1.08726093100769
1.76114477458916
0.89596702695131
2
0.261645611719177
0.079429935850033
0.0755851595276686
0.385629203777216
0.0612326576389072
0.350695480620386
0.254157944602201
0.152106118171275
1.30962960456584
0.230625506292868
0.0995295374653376
0.07224621310456
0.207395410219263
0.331389663493327
0.196845010004989
0.223655155655338
0.270204332990509
0.305400400255187
0.514791805168591
0.134324772742113
0.0498648411051047
0.0821176066179557
0.047100780242199
0.0487966916324211
0.041433686055498
0.0410967353150913
0.0185332621014696
0.0363380003507724
0.321659580732203
0.271489120963166
0.152176170037721
0.125312077455515
0.211614499078293
0.111684645055187
0.890967922065633
0.433536493446821
0.195523544459212
0.237146850832739
0.0998571787949416
0.0436318161444415
0.11579835569611
0.0276328945017119
0.049121534284967
0.127896927911344
0.042850399691602
0.0456067928429899
0.355059116415619
0.102065293545922
0.114258108439696
0.167948700768949
0.0641263315366933
0.203860531246286
0.219169768059511
0.172255878305912
0.17763697672328
0.0634523692896802
0.365587308855663
0.315422965759327
0.126130761792944
0.0998283984172919
0.221397423355483
0.0704014692342339
0.132788337230366
0.117230307622654
0.0772372556607248
0.0877224495394073
0.11885604499377
0.134947673218429
0.174897233196642
0.105952442132774
0.0704419167483537
0.044747703515182
0.060505272760392
0.0665072208750871
0.159730301465465
0.0942161660655154
0.0634174166747082
0.0496086918067269
0.222424811392659
0.328361248678767
0.114279767633019
0.0356490986710248
0.188839719292989
0.827763216796622
0.560094986156147
0.845999846822388
0.289340751171108
0.405683436536186
0.792672003980495
0.516107322312273
0.709300323640077
0.313628819107396
0.430444092843283
0.386632393152485
0.305691075993362
0.916953705703155
0.214642740571014
0.559761693977431
0.134031722414758
0.417235837088736
2
0.717555984413575
0.460533529663376
0.0543821627926347
0.659101125077001
0.20670839970506
1.85772898623467
2
0.728655415456046
2
0.308618548311494
0.609932581615835
0.490127716959754
0.664282685569005
0.405658877803047
2
0.230210888566754
0.420810618533798
0.472893011356591
0.343653328312162
0.535227149801931
0.398291604604352
0.567363265046559
0.222318473067381
0.525511840188397
0.265045457325268
0.657774397857158
0.724887495620928
0.548158740767821
0.492754399010683
0.662224338489321
1.86759942130504
0.48995349726015
0.418211886649938
0.289565097585793
0.943889460807998
0.704369291734345
1.06093830748172
2
2
0.441951111636353
0.423136740460413
1.80560984155977
0.590850503494043
0.677735630155576
0.437460619240949
0.590956015616694
0.235141910928922
0.565470249184766
0.621042559469734
0.298061918744342
0.719588199439445
0.549183496366565
0.867014002586496
2
0.796265109600106
0.740317758951842
2
0.810303772547679
0.490179450030617
0.885188608465658
0.589155814135352
0.646887371225152
0.754722558346052
0.232941189697139
2
0.313765416013115
0.583756894318538
0.913549133644446
0.515254175071796
0.68375892169062
0.980849220611933
0.496132172998737
2
1.58710540562309
1.98721558121243
1.82861394457911
1.31302472865086
1.65622080558261
0.287682926088832
0.118938627994603
0.11562474109981
0.223916405449374
0.0643796181339124
0.11358104205279
0.0415725090947657
0.0314271517579795
0.159507406681667
0.0801106746991461
0.0537384739897345
0.109396186933152
0.0600995501813131
0.110758976365347
0.0849337392018734
0.208861786545257
0.23274351470956
0.246681679077933
0.249511340275423
0.26253180113323
0.146839882410198
0.136871310445281
0.294298323082994
0.20695424019002
0.0746964155823975
0.097247546168292
0.0163661503906566
0.0424309539093669
0.212758618525176
0.0629977838480772
0.254806519229873
0.225166175547914
0.0870642928762849
0.11121574054119
0.212803473720246
0.727016804346216
0.289884435601408
0.4601670448268
0.137492493850653
0.487863145246948
0.288906032279819
0.07416598260402
0.150384621767668
0.296646239265193
0.242258820490968
0.34019258680779
0.566005537272468
0.462413047529342
0.426281186799552
0.642400658779914
0.282720842993863
0.288255991169566
0.313336655629667
0.963016734624742
0.443695217545648
0.577135927594208
0.543809787625607
0.129560008492415
0.661256750395162
0.534280548541014
0.307533357607025
0.183373810937399
0.138150344346528
0.253970722684212
0.229973514415856
0.337520786827686
0.168032744405017
0.0817664020764942
0.0944369642289686
0.131614076357661
0.751759785272726
0.256458046869901
0.136413088856001
0.547746202736755
0.655984400643912
0.266173984178681
0.081413335241515
0.199068017143076
0.090483439734436
0.131444950058309
0.61319830788664
0.194955475807253
0.107769716025053
0.657943692486432
0.391734774347516
0.130733833599821
0.0463630206833287
0.167366724980196
0.482997039806891
0.0343108603669061
0.27686298222832
0.0308711786817163
0.0691221290096606
0.405905793259676
0.250764657349716
0.234165855684423
0.23133659382364
0.0640982280364666
0.542313276165178
0.238147489786017
0.0965036804872971
0.0473843830700199
0.0849197394607891
0.291201915669077
0.0435618385551454
0.0884617598851635
0.0261616013800989
0.124951322401455
0.083028992161648
0.0528998834265868
0.205281707262604
0.0715845577758018
0.602162208038635
0.0830541476573323
0.133043650622882
0.11949745395831
0.0638109299617481
0.0797097804473205
0.023379858442751
0.0483644676485192
0.19321176804942
0.215865672033069
0.0682832816352328
0.450878139448518
0.0691296185967122
0.256088679578095
0.0878212199546067
0.090909500914165
0.172530655706135
0.210459359831111
0.122341214349524
0.0685359652482374
0.202552443305351
0.0730960434653941
0.135577608672221
0.109046236111331
0.0605568958442836
0.0713688024750922
0.0414266819281793
0.0811243580631887
0.308861427981778
0.200517861871912
0.119203502471795
0.20565594054899
0.100669490460177
0.0321781011891563
0.0314665695938261
0.222121071561272
0.126737597694412
0.0376744887519233
0.0827287379163324
0.0357695976862599
0.0606707013229267
0.178632544463316
0.0329016508638737
0.161135355318195
0.0292267391274779
0.14983779969823
0.174797983927317
0.0681036457122281
0.0658054695897581
0.181593308614993
0.166804860244142
0.0397940237994717
0.0177183559379347
0.202404863964243
0.0794579945016159
0.219779869377702
0.410942201349062
0.193728034788092
0.181890643231762
0.0966148236647598
0.253657044616864
0.251047090768241
0.144097989985864
0.0905427703358936
0.0373911035638942
0.0655346610241893
0.0199361494069574
0.0518634033926619
0.101503904304618
0.0644031755942875
0.10279226227616
0.0764079948759861
0.0404555341298859
0.106523501454003
0.169933182728165
0.0622442392686071
0.116739814294134
0.156951352356876
0.161947394638569
0.150732165618846
