5380.33770722709
142943.263913459
419235.707495587
142799.445730277
128032.57207581
193737.684859177
253999.650473649
450262.111788924
304477.921154171
183503.432576085
291895.111229092
193506.872407138
139529.103610735
25564.0874617883
32903.9391468625
26759.5562583841
60728.8481366199
2012710.20683106
14955.8769837635
26233.3748429439
30300.0318179639
21861.8799095552
887.003188472426
65.7606095746709
1167.80450031357
1093.92144356703
637.963936821893
128.73050795767
3937.85969487025
207.436418050885
811.527271229781
4718.23115787481
361.490100784595
266.231552599468
416.669569518286
232.750926152118
243.142350666195
99.5934293419504
86.3548293277795
268.414366761162
72.9002959584009
313.280587636152
1419.20889485308
10010.7913979526
5031.42908391215
10692.6790687873
6489.38077890263
1705.94870401515
18552.0285327166
1325310.74749212
211535.981772996
34598.7099543763
10189.3776830428
176992.92039319
72332.0757557007
12835.4519940181
2080982.26785406
221067.70536987
124058.270700751
62079.2185091583
68740.5688693326
239525.419880998
59238.5065516191
21630.6522985455
47701.9143794315
26055.8411385349
7916350.60084743
293118.358463763
66860.3617652494
1123843.88032114
982158.307678097
261070.386643295
0.151786052585858
0.122183335594696
0.0604151860386874
0.211181799167692
0.0790966080614989
0.0496670365458655
7647824.68152635
320173.08949225
625532.404420568
146094.446415151
9598639.19717115
546314.778114554
333617.697978473
0.714059261211508
0.057138200778458
0.174086105431398
0.256193054283002
0.163710409857145
0.0343150587695197
0.82846329829282
0.0960028256713032
0.0891362330322957
0.264420764768374
0.379983252688004
0.561029958720981
3.19439399038531
924785.575487086
892.28276110518
14039.9054305737
0.560297616337632
6398.45074469155
402064.787639591
4.74371177818098
52839.5294244469
1178303.96237545
209.990770733698
519.160040411719
226.126148765929
65.2724571603489
352.118403330843
192.082980465458
198.338183412376
78.4055906187007
15.9581376261948
505.796438055666
681.663675472586
260.674008149637
162.098246225474
15.4600448003416
878.5061843885
546.187435279082
241.999231775691
198.309088166118
219.640967790825
1173.87606622704
227.473864053675
122.848866657111
66.5906921192977
32.3994097512985
332.436944181411
151.242480988591
120.243706112043
51.3326906610255
23.2152425383575
264.078334520422
158.136679875532
254.464785323803
87.4327627629988
20.5736340985885
651.143751875546
4616.84577183809
471.174951694509
519.36372314663
25.2024318635903
8937.16497231464
5684.09964505223
381.442265851217
443.057308922072
171.70674007003
2332.86436279049
55.9213441956508
73.8916025988754
16.7547620320697
22.4420158658881
154.570522792038
108580.073661783
58697.1292287657
34232.2683657283
111307.01182786
41008.1260034468
25598.6069298849
27383.909360315
30428.0280388486
219673.512574312
39392.071911624
8559.88112882912
37646.0737513976
5175.63480162136
40758.6068645
7535.50425345715
18810.6876469231
7026.01624397882
222091.552633261
137285.447116811
137840.775617599
12565.8607625759
18049.8261683395
23715.3875450619
4233.00044868995
45239.6456543144
18521.2519320376
41954.7792043437
33380.4801086941
4328.38379369353
8222.41289454256
6625.0789542257
9931.00398191877
5354.46551049599
35446.8058915834
6617.78373559458
150240.073475252
84810.437342271
4083.88403701376
4489.67321014784
6840.70573800237
2003.52740657585
4117.61476967924
3159.38430926152
2587.3350244009
3728.74280018881
2274.44087153141
13638.7663348308
36462.2016316467
3959.92309615319
23328.4713029543
3953.02177351646
6756.58454294399
9238.34349894503
121634.916574948
15788.2848565798
3960.19523069231
2529.81226439834
7993.22630714994
3033.71437919444
1247.4596518007
403.27350365057
916.006268847762
976.529607727695
4386.75617436715
6156.0116724316
9838.39629603109
773.413630831462
2778.9208859265
3385.96129461102
18917.0037615157
5279.43809730322
27497.4689602876
25051.2154753278
93594.0914390031
19594.2586330085
79514.8563083771
11182.3587396009
14021.5338360763
19661.6883264744
17042.6064573738
54462.3197553474
22357.1626964277
23938.0184087881
38263.1829750437
4358.72987072596
105714.096215191
5421.00642450887
60862.2327953286
10721.3834737743
417174.936238191
9849.70130832305
98566.5129176024
2871.04924598052
817.6341098385
404367.322833703
7174.09164826141
60033.543702805
15984.1230178096
4602.14688923467
118584.799689388
3665.7737055775
547992.290989082
5278.55053556444
33641.1013062671
21772.7277539869
108451.391491209
4491.41720571123
3044.05062472126
6584.78283168218
118785.684600458
8761.95937445918
213319.255325055
6339.528679775
10473.6472039759
40850.0837200796
2528.67770438472
4905.16294754748
11755.4080811393
25417.5166413303
102200.580504782
7803.65201706456
10165.7937591916
11551.3620854292
7599.01890582999
6626.72089220241
22610.4000283824
67344.4156079571
9362.62280015105
328032.746144577
383674.018335388
30040.6312021717
70118.1219689783
200553.407932399
53154.1012217593
6782.62271637874
405688.772297232
107020.056683144
40717.2986685645
41500.0855501017
13713.1391171781
10073.8298633419
1792.44496397675
250918.447141443
54615.0140169558
6182.18718370847
5443.08082635716
12794.4244946227
28496.1273801005
81263.3395050483
3022.74247924578
5192.33414219028
38491.0687859368
4714.07188843964
3684.7240022558
97538.2522408153
42863.0643946384
161201.569942765
4285.84315334761
31382.7985513678
9829.83232235808
42069.4330583631
14917.0741540201
1866910.85035913
4938.87518740469
11219.5838991526
4908.39861233748
560.648078702119
4316.81061679844
25194.853671936
88664.6158375512
37200.0351649437
17761.2588133887
15654.3283855446
63964.334329565
16698.1501151953
1927.78141637589
746.466690485631
3341.07678029157
19508.6001505971
1382.97122076711
1637.77266576434
174.085446164825
381.407077202739
4523.12246085165
1961.04064796639
504.152374441679
238.309703633456
1563.38438619141
4592.91386545792
538.978948904412
112.560367606918
81.869836204811
157.697199304169
415.922607905607
17723.7620753591
1141.67111575473
1141.43827539227
6397.18613443869
18838.9220172967
36789.3557207567
4046.0213287489
717.056157298063
1644.31872982938
38420.8670515539
17931.4386451001
2127.42059790363
600.009272522884
755.075688514319
17487.2870379198
5138.02841712556
691.859946906461
397.721170352983
720.694080613492
7726.49255890481
39444.4353573177
19913.1790248883
2154.91736267346
6938.89732750909
141974.847749688
14650.6564220661
4765.61466584534
8803.32922179541
27848.0006977664
62154.7426449343
161529.606098406
43543.4859954014
3991.24619686155
36488.0601966583
231944.570174473
7506.39939159473
1060.41279852388
772.337247196084
749.697005635179
8879.97967009999
5896.50757626729
1010.75790515047
169.943311475842
346.204008800459
4369.45788543097
14503.8615388352
918.89135957586
204.560455553996
3620.21743117055
20787.0999148592
1394.27085073339
212.97598571108
173.823496449532
112.730850382228
1250.64985262622
7600.81325380953
1682.87211778635
164.180440772663
2601.90674608219
8761.34390167352
454.020097781107
228.659271218521
221.063838769556
2141.08297941455
590.891352080461
20091.9609756104
825.389062266455
802.275903877693
8626.63756556555
34152.0610294113
90972.2982098357
25724.5807662458
3314.98979596419
47561.2390785873
144533.500923614
23889.1542947276
5958.16594151378
1177.55377845213
3203.15829020842
18230.4403681421
2185.61636816933
172.831609325752
280.234627628747
273.523437609939
1864.14399030835
3654.83757557833
415.75022095731
432.326550319387
102.133859125606
3669.29377288977
32468.3892157173
8280.8961824857
1078.6212732784
665.7189945795
28167.4246531112
7482.96040131326
1621.78895353395
206.805336309385
1973.12368065261
3778.14255831683
5659.21450306703
806.157238111936
101.800364562227
214.8971541508
7009.90204893187
1450.90291883969
299.424259848651
343.364412575659
61.1461057016622
2538.93856677535
3472.06251178065
502.792123612193
329.92101596673
229.611529969147
4010.59405815545
1976.28440010337
619.529692289655
226.3940061254
620.975042894237
1524.30209676484
3641.92332476595
1144.10792300512
2264.91696416984
2392.29165424664
7153.25547021411
33560.7971674687
5779.33862114193
1498.12047172584
5758.76833450924
26758.7072716217
715.223851917212
304.235427644006
235.087381729506
208.571177489787
1511.65560907559
2118.1719898006
6163.30020371561
1379.25384365657
823.92378028301
1864.54628812324
5200.26782590924
1847.78840937439
1682.71248905601
13327.9839358844
20380.5098329423
11797.2268901804
6413.88878687451
4170.34723035548
14230.8238481576
35020.8014022853
128199.834861074
29290.3376893162
17560.5270989597
4616.44911024406
158648.595432438
229.644339311827
136.665516398208
158.814794271026
139.74989145186
70.7086358737781
185.400873937017
339.015866485296
129.111807508364
201.232134809264
217.509097593599
243.011937621821
235.718478624461
