3.54451141412843
2.40602436496512
1.68210354932388
1.66940595263715
4.93341022394024
2.18931997265907
1.03535728500185
0.221392797199593
1.67627344976784
2.1288103144082
2.88925121502714
0.921923067993278
0.314869941073258
6.85834581472541
0.841983494565351
2.17957859319693
1.12182571204501
1.13521689154905
1.46192900618845
0.957010746651501
0.800841975225632
1.51889627171063
1.3184594910528
2.46508616150407
0.601267580901439
1.93212466113034
0.692957847648274
1.84453133771605
0.676706355923067
1.07737735612864
0.445175439248822
1.23819850282984
0.632926460237264
0.989836193911478
0.465540907285914
2.56939985440999
0.754947646270972
1.62243593959006
0.414370961209049
3.78504745763345
1.84756483228412
5.45333791798322
2.48693593571626
5.3926422449848
5.70535474472571
0.838485150520717
0.290819690699977
0.635841535019799
1.09092708771962
3.10649282352975
0.643380636189738
1.10107441305213
2.16531177740688
1.21122880510738
1.45372888574821
3.32621737576948
4.26150082550679
0.646392140506247
2.24088384534132
1.91245234796721
3.32540771661063
2.84314541755745
0.707627661384422
1.33788894645873
0.819523716964575
0.708301601945879
1.438947019104
0.890940583635049
2.15836514948759
1.90369810856394
0.657170367320639
1.64499333562651
1.10590793316008
1.82014059161949
2.47870012594199
3.85706925873335
0.658861014913277
1.34698585463427
1.6948572719221
1.21598478199306
0.583787825282408
2.32936891256843
0.429103802131323
0.605472936706054
1.49534104576563
1.08448905562298
2.13446110400768
1.72410712399979
0.526668460632653
1.67991407666952
0.532689621401262
1.94025910719093
3.1977890380306
1.02552124419382
0.424319657302039
1.38067200144622
2.5569818281872
1.66407166527375
0.413117291429073
2.36747266371035
0.483894468981893
0.714481084948096
2.55568178638076
0.87747083697973
2.46719086000787
1.97701420674362
0.844296649142521
1.83917447612929
1.8617630837803
2.32662681994472
4.23683048944782
4.02711078981956
1.44613292468196
0.995846266496778
1.04027865257983
0.788182646573418
1.54923681546828
1.72658460223631
0.934255253729078
0.773974671074762
1.4725235986316
1.64067078431964
2.44353599889361
1.02108593161191
1.34495860615626
1.08417851626612
0.634927133916289
0.606118189471609
3.19280968344581
5.46790713651708
1.39729176205849
1.78364203761138
1.80858514253451
1.95997728781249
0.985738900213987
3.56971287638232
1.44630866818306
1.45365018972899
0.652659018071753
0.76877477272452
5.47635148574903
1.77080187455503
0.888710924857863
0.819466657197633
1.10160513899606
1.21197193149188
1.61417280793761
6.15641868057076
1.20664079946653
1.45792413147394
0.794438133498154
1.996422811324
1.26885764598171
1.18862716966195
1.31562220348119
0.97535657367348
1.02041760348936
1.40289922372969
0.945575991660641
1.36448137549205
0.559701492537313
1.71990028729466
5.3955268322929
2.49827821394021
1.06619397405962
1.13362324544872
1.22953239930007
0.854603993092713
2.01204983345538
2.61837718933517
1.70287486357836
1.46963207363545
1.02084233495345
0.840865144788214
1.03933217017921
1.94713600718848
4.34546507092503
2.85221065616872
2.38829282415679
2.33942254759164
1.91134250266221
2.0995977767072
2.56618705778883
1.47872089290486
2.29234727703968
1.13338935120926
1.67982739016939
1.90496656437972
1.89535908494783
1.97678818490802
2.34382417548056
1.7132330481
3.2069003970539
1.91830401356002
2.48248211688161
0.803164176047201
3.4949269870159
1.67373896534516
6.28849633258521
0.874414888179635
2.75728732990477
0.980776890634987
1.6981430268512
1.03526205546208
2.89851272955831
0.949010568394584
0.903275895124776
1.66694652878284
0.837676260351866
1.02568668225021
0.896627491405528
2.64925079079318
1.8378964377715
2.00433373414827
1.70752928920198
0.750695865262153
1.01889315525766
1.41315033476462
1.77127158712727
1.62269763433499
0.989747832098515
0.579412342877706
1.13048052544259
0.555217303971891
1.96305822518008
1.47706041730018
1.44724958862909
0.776901833895379
0.990643975450781
1.04860044664434
4.77716172665358
4.82868294132223
1.88528861614537
1.27569487241157
2.84241450513394
1.14854497395459
1.05022022248742
1.24638516331397
1.53381285069075
1.19499321036411
0.921891999730093
3.05587428683355
1.12992622087875
1.39797548585973
1.12672525396028
1.99446389080612
1.94530609250051
0.822781435459941
0.765354436811113
1.56799130491445
2.76008649594942
2.68478129633532
2.27901728140315
3.71735596175644
3.71401231898096
1.24985926448389
1.25163994981034
1.13278151870101
1.12802492211101
1.17502221611422
1.2522227442346
2.10543035229141
0.908898199468473
2.01205589010238
1.19099139610315
1.48684906184924
3.31327181028756
1.56798340439221
2.48671830230483
2.49670215042539
0.470824710924014
1.15154829533438
0.837262891873609
1.01862402189922
0.395984092828243
1.26386576972201
2.46250662321918
1.43548014442372
1.03509743586285
0.617627320825044
2.82591241655843
5.19896022498637
2.34184952105146
1.66708954436323
3.277829180744
7.42577194314241
1.89672152845423
4.14459282548128
0.915269921302179
5.38367770454802
1.54477698817113
2.74301266506161
2.62014178633215
0.98133370870517
1.6215291609677
1.02437703896148
1.73006851427353
1.79309163357872
1.51938685421761
0.97407185019713
2.18130442176401
2.72047312523828
0.695096685082873
1.41642931034208
1.95042362090921
0.826562545029952
1.0287766755074
2.4960796084273
1.07450604167579
0.804676565008352
0.764810118030025
1.81489839242634
1.83175417065486
1.67768008498517
0.314331649141371
3.36218259211154
2.81302912584847
1.28256220810318
3.91345820603497
3.03234152909272
1.90909730600543
3.82340842254757
1.21190456702714
2.30166717793016
1.99566118234179
1.21346799451847
1.14570743044084
1.40402101521349
1.55336398778225
0.995217727710111
0.940277092567161
2.21593376570847
2.50067921582928
0.703460970575954
1.05402479207527
6.96366006951582
1.81938323224205
1.84616874643482
1.25903248433577
5.60925692337892
2.25387287777847
2.30107942286507
0.729902071593625
0.903844371716975
1.47770099627679
6.91676393845594
3.49533370956933
1.60867614725526
2.94079486861929
6.19316829251205
7.64542991419535
1.91206462496801
1.51954847357251
1.19807267195039
6.05051762616966
1.02674101486784
2.26866902060861
2.28104091480717
1.89766852498694
1.58134753611619
2.9224364647632
1.22993774149422
1.32720098493289
1.06114470921014
1.34648398547854
1.83512967748464
1.45118458503081
1.86768427250318
0.502958159878431
0.609774733868805
1.711562753697
2.91129500210075
1.76819362683705
1.5941982851521
2.04897879218799
5.58167792962126
3.24207313722214
0.699568963244133
0.922886111311048
1.70482390085956
1.59417849038789
1.52082578401709
1.20234220004819
1.86356062762567
2.03784794425806
5.19623860452749
1.85306392323702
1.29940998804205
0.470731891247901
4.32910749045266
0.945709059342739
3.6790611517703
1.32202943879973
2.53481827118635
3.02097940325552
0.775848288895525
0.849993419094051
2.2510078011585
2.86843525606462
1.04411132376211
0.556605001986772
0.914992639352413
1.39300692654681
0.451956086072804
0.622918903076208
0.613721957987224
1.2493162141018
0.889458233525572
1.00493473202079
1.16858071209907
0.896946490159923
0.976312448247137
1.24981296692009
0.747134541306665
1.18223606951276
2.53114074301249
1.51738883068539
1.20421477521606
1.02240556620628
1.5743874426821
5.84495782967737
1.00132991569421
1.80793206842577
1.21212102876113
1.00467077183743
0.316407724455297
1.10242277365007
